--------------------------------
time is:3571.234375
----------------------------------------
optimal value:13115381.9864
----------------------------------------
room location
6.11345211567e-009  28.4999995232  0  0  0  42.4499993245  78.5999989501  60.199999094  0  87.8999991417  53.6499991787  0  0  0  6.11345211567e-009  0  98.9499993324  0  6.59999990463  0  0  -2.99999669551e-009  17.5499997139  0  6.11345211567e-009  68.349998951  6.11345211567e-009  0  0  0  
-1.30002604237e-008  0  65.8000006576  0  29.9000000854  0  0  -8.8680781161e-010  73.8500006099  8.11345938658e-009  -1.30002604237e-008  -3.88678245145e-009  35.4000000854  43.8500003715  95.7500009437  -2.48868232688e-008  -1.38868330168e-008  0  2.00000016548e-008  0  83.7000007529  0  1.00000008274e-008  57.0500006576  10.3499998946  -1.08868221105e-008  -9.00024588191e-009  22.74999999  0  0  
69.8999996185  0  0  31.5  0  0  0  0  0  0  0  49.0499997139  0  0  0  8.75  0  39.5999999056  0  2.34999988375  -1.48868224414e-008  82.5499997139  0  0  0  0  94.6999998083  0  59.6499995946  19.4000000845  
 以上――――――――――――――――――以下zijr
0  0  0  0  0  0  0  0  0  0  0  0  0  0  0  0  0  2.5862276542e-011  0  0  0  -4.66375523462e-010  0  -5.50018183574e-011  0  0  0  0  0  0  
0  0  0  0  0  1  1  1  0  1  1  0  0  0  0  0  1  0  0  0  0  0  0  0  0  1  0  0  0  0  
0  0  0  0  0  0  0  0  0  0  0  0  0  0  0  0  0  0  0  0  0  0  0  0  0  0  0  0  0  0  
0  0  0  0  0  0  0  0  0  0  0  0  0  0  0  0  0  0  0  0  0  0  0  0  0  0  0  0  0  0  
0  0  0  0  0  0  0  0  0  0  0  0  0  0  0  0  0  0  0  0  0  0  0  0  0  0  0  0  0  0  
0  0  0  0  0  0  1  1  0  1  1  0  0  0  0  0  1  0  0  0  0  3.01583198642e-010  0  0  0  1  3.48112729461e-010  0  0  0  
0  0  0  0  0  0  0  0  0  1  1.15166542969e-010  0  0  0  0  0  1  0  0  0  0  0  0  0  0  0  0  0  0  0  
0  0  0  0  0  0  1  0  0  1  0  0  0  0  0  0  1  0  0  0  0  0  0  0  0  1  0  0  0  0  
0  0  0  0  0  0  0  0  0  0  0  0  0  0  0  0  0  0  0  0  0  0  0  0  7.73854688844e-010  0  0  0  0  0  
0  0  0  0  0  0  0  0  0  0  0  0  0  0  0  0  1  0  0  0  0  0  0  0  0  0  0  0  0  0  
0  0  0  0  0  0  0.999999999885  1  0  1  0  0  0  0  0  0  1  0  0  0  0  0  0  0  0  1  0  0  0  0  
0  0  0  0  0  0  0  0  0  0  0  0  0  0  0  0  0  0  0  0  0  0  0  0  0  0  0  0  0  0  
0  0  0  0  0  0  0  0  0  0  0  0  0  0  0  0  0  0  0  0  0  0  0  0  0  0  0  0  0  0  
0  0  0  0  0  0  0  0  0  0  0  0  0  0  0  0  0  0  0  0  0  0  0  0  0  0  0  0  0  0  
0  0  0  0  0  0  0  0  0  0  0  0  0  0  0  0  0  0  0  0  0  0  0  0  0  0  0  0  0  0  
0  0  0  0  0  0  0  0  0  0  0  0  0  0  0  0  0  0  0  0  0  0  0  0  0  0  0  0  0  0  
0  0  0  0  0  0  0  0  0  0  0  0  0  0  0  0  0  0  0  0  0  0  0  0  0  0  0  0  0  0  
-2.5862276542e-011  0  0  0  0  0  0  0  0  0  0  0  0  0  0  0  0  0  0  0  0  -2.75861765104e-011  0  0  0  0  5.62932976155e-011  0  0  0  
0  1  0  0  0  1  1  1  0  1  1  0  0  0  0  0  1  0  0  0  0  0  1  0  0  1  0  0  0  0  
0  0  0  0  0  0  0  0  0  0  0  0  0  0  0  0  0  0  0  0  0  0  0  0  0  0  0  0  0  0  
0  0  0  0  0  0  0  0  0  0  0  0  0  0  0  0  0  0  0  0  0  0  0  0  0  0  0  0  0  0  
4.66375523462e-010  0  0  0  0  -3.01583198642e-010  0  0  0  0  0  0  0  0  0  0  0  2.75861765104e-011  0  0  0  0  0  2.70757824038e-011  0  0  8.12612465754e-011  0  0  0  
0  1  0  0  0  1  1  1  0  1  1  0  0  0  0  0  1  0  0  0  0  0  0  0  0  1  0  0  0  0  
5.50018183574e-011  0  0  0  0  0  0  0  0  0  0  0  0  0  0  0  0  0  0  0  0  -2.70757824038e-011  0  0  0  0  -3.18326258262e-011  0  0  0  
0  0  0  0  0  0  0  0  0  0  0  0  0  0  0  0  0  0  0  0  0  0  0  0  0  0  0  0  0  0  
0  0  0  0  0  0  1  0  0  1  0  0  0  0  0  0  1  0  0  0  0  0  0  0  0  0  0  0  0  0  
0  0  0  0  0  -3.48112729461e-010  0  0  0  0  2.99122077852e-009  0  0  0  0  0  0  -5.62932976155e-011  0  0  0  -8.12612465754e-011  0  3.18326258262e-011  0  0  0  0  0  0  
0  0  0  0  0  0  0  0  0  0  0  0  0  0  0  0  0  0  0  0  0  0  0  0  0  0  0  0  0  0  
0  0  0  0  0  0  0  0  0  0  0  0  0  0  0  0  0  0  0  0  0  0  0  0  0  0  0  0  0  0  
0  0  0  0  0  0  0  0  0  0  0  0  0  0  0  0  0  0  0  0  0  0  0  0  0  0  0  0  0  0  

0  0  0  0  0  0  0  0  0  0  0  0  0  0  0  0  0  0  0  0  0  0  0  0  0  0  0  0  0  0  
0  0  0  0  0  0  0  0  0  0  0  0  0  0  0  0  0  0  0  0  0  0  0  0  0  0  0  0  0  0  
0  0  0  0  0  0  0  0  1  0  0  0  0  0  1  0  0  0  0  0  1  0  0  0  0  0  0  0  0  0  
0  0  0  0  0  0  0  0  0  0  0  0  0  0  0  0  0  0  0  0  0  0  0  0  0  0  0  0  0  0  
0  0  1  0  0  0  0  0  1  0  0  0  1  1  1  0  0  0  0  0  1  0  0  1  0  0  0  0  0  0  
0  0  0  0  0  0  0  0  0  0  0  0  0  0  0  0  0  0  0  0  0  0  0  0  0  0  0  0  0  0  
0  0  0  0  0  0  0  0  0  0  0  0  0  0  0  0  0  0  0  0  0  0  0  0  0  0  0  0  0  0  
0  0  0  0  0  0  0  0  0  0  0  0  0  0  0  0  0  0  0  0  0  0  0  0  0  0  0  0  0  0  
0  0  0  0  0  0  0  0  0  0  0  0  0  0  1  0  0  0  0  0  1  0  0  0  0  0  0  0  0  0  
0  0  0  0  0  0  0  0  0  0  0  0  0  0  0  0  0  0  0  0  0  0  0  0  0  0  0  0  0  0  
0  0  0  0  0  0  0  0  0  0  0  0  0  0  0  0  0  0  0  0  0  0  0  0  0  0  0  0  0  0  
0  0  0  0  0  0  0  0  0  0  0  0  0  0  0  0  0  0  0  0  0  0  0  0  0  0  0  0  0  0  
0  0  1  0  0  0  0  0  1  0  0  0  0  1  1  0  0  0  0  0  1  0  0  1  0  0  0  0  0  0  
0  0  1  0  0  0  0  0  1  0  0  0  0  0  1  0  0  0  0  0  1  0  0  1  0  0  0  0  0  0  
0  0  0  0  0  0  0  0  0  0  0  0  0  0  0  0  0  0  0  0  0  0  0  0  0  0  0  0  0  0  
0  0  0  0  0  0  0  0  0  0  0  0  0  0  0  0  0  0  0  0  0  0  0  0  0  0  0  0  0  0  
0  0  0  0  0  0  0  0  0  0  0  0  0  0  0  0  0  0  0  0  0  0  0  0  0  0  0  0  0  0  
0  0  0  0  0  0  0  0  0  0  0  0  0  0  0  0  0  0  0  0  0  0  0  0  0  0  0  0  0  0  
0  0  0  0  0  0  0  0  0  0  0  0  0  0  0  0  0  0  0  0  0  0  0  0  0  0  0  0  0  0  
0  0  0  0  0  0  0  0  0  0  0  0  0  0  0  0  0  0  0  0  0  0  0  0  0  0  0  0  0  0  
0  0  0  0  0  0  0  0  0  0  0  0  0  0  1  0  0  0  0  0  0  0  0  0  0  0  0  0  0  0  
0  0  0  0  0  0  0  0  0  0  0  0  0  0  0  0  0  0  0  0  0  0  0  0  0  0  0  0  0  0  
0  0  0  0  0  0  0  0  0  0  0  0  0  0  0  0  0  0  0  0  0  0  0  0  0  0  0  0  0  0  
0  0  1  0  0  0  0  0  1  0  0  0  0  0  1  0  0  0  0  0  1  0  0  0  0  0  0  0  0  0  
0  0  1  0  1  0  0  0  1  0  0  0  1  1  1  0  0  0  0  0  1  0  0  1  0  0  0  1  0  0  
0  0  0  0  0  0  0  0  0  0  0  0  0  0  0  0  0  0  0  0  0  0  0  0  0  0  0  0  0  0  
0  0  0  0  0  0  0  0  0  0  0  0  0  0  0  0  0  0  0  0  0  0  0  0  0  0  0  0  0  0  
0  0  1  0  1  0  0  0  1  0  0  0  1  1  1  0  0  0  0  0  1  0  0  1  0  0  0  0  0  0  
0  0  0  0  0  0  0  0  0  0  0  0  0  0  0  0  0  0  0  0  0  0  0  0  0  0  0  0  0  0  
0  0  0  0  0  0  0  0  0  0  0  0  0  0  0  0  0  0  0  0  0  0  0  0  0  0  0  0  0  0  

0  0  0  0  0  0  0  0  0  0  0  0  0  0  0  0  0  0  0  0  0  1  0  0  0  0  1  0  0  0  
0  0  0  0  0  0  0  0  0  0  0  0  0  0  0  0  0  0  0  0  0  0  0  0  0  0  0  0  0  0  
0  0  0  0  0  0  0  0  0  0  0  0  0  0  0  0  0  0  0  0  0  0  0  0  0  0  0  0  0  0  
1  0  0  0  0  0  0  0  0  0  0  1  0  0  0  0  0  1  0  0  0  1  0  0  0  0  1  0  1  0  
0  0  0  0  0  0  0  0  0  0  0  0  0  0  0  0  0  0  0  0  0  0  0  0  0  0  0  0  0  0  
0  0  0  0  0  0  0  0  0  0  0  0  0  0  0  0  0  0  0  0  0  0  0  0  0  0  0  0  0  0  
0  0  0  0  0  0  0  0  0  0  0  0  0  0  0  0  0  0  0  0  0  0  0  0  0  0  0  0  0  0  
0  0  0  0  0  0  0  0  0  0  0  0  0  0  0  0  0  0  0  0  0  0  0  0  0  0  0  0  0  0  
0  0  0  0  0  0  0  0  0  0  0  0  0  0  0  0  0  0  0  -2.64390159765e-009  0  0  0  0  0  0  0  0  0  0  
0  0  0  0  0  0  0  0  0  0  0  0  0  0  0  0  0  0  0  0  0  0  0  0  0  0  0  0  0  0  
0  0  0  0  0  0  0  0  0  0  0  0  0  0  0  0  0  0  0  0  0  0  0  0  0  0  0  0  0  0  
1  0  0  0  0  0  0  0  0  0  0  0  0  0  0  0  0  0  0  0  0  1  0  0  0  0  1  0  1  0  
0  0  0  0  0  0  0  0  0  0  0  0  0  0  0  0  0  0  0  0  0  0  0  0  0  0  0  0  0  0  
0  0  0  0  0  0  0  0  0  0  0  0  0  0  6.05292265819e-010  0  0  0  0  0  0  0  0  0  0  0  0  0  0  0  
0  0  0  0  0  0  0  0  0  0  0  0  0  0  0  0  0  0  0  0  0  0  0  0  0  0  0  0  0  0  
1  0  0  1  0  0  0  0  0  0  0  1  0  0  0  0  0  1  0  0  0  1  0  0  0  0  1  0  1  1  
0  0  0  0  0  0  0  0  0  0  0  0  0  0  0  0  0  0  0  0  0  0  0  0  0  0  0  0  0  0  
1  0  0  0  0  0  0  0  0  0  0  1  0  0  0  0  0  0  0  0  0  1  0  0  0  0  1  0  1  0  
0  0  0  0  0  0  0  0  0  0  0  0  0  0  0  0  0  0  0  0  0  0  0  0  -9.05300517759e-010  0  0  0  -1.8096075749e-009  -8.24759371909e-010  
1  0  0  1  0  0  0  0  2.64390159765e-009  0  0  1  0  0  0  1  0  1  0  0  0  1  0  0  0  0  1  0  1  1  
0  0  0  0  0  0  0  0  1.35519548676e-010  0  0  0  0  0  0  0  0  0  0  0  0  0  0  0  1.01270902276e-009  0  0  0  0  0  
0  0  0  0  0  0  0  0  0  0  0  0  0  0  0  0  0  0  0  0  0  0  0  0  0  0  1  0  0  0  
0  0  0  0  0  0  0  0  0  0  0  0  0  0  0  0  0  0  0  0  0  0  0  0  0  0  0  0  0  0  
0  0  0  0  0  0  0  0  0  0  0  0  0  0  0  0  0  0  0  0  0  0  0  0  0  0  0  0  0  0  
0  0  0  0  0  0  0  0  -9.54113461694e-010  0  0  0  0  0  0  0  0  6.80269757144e-011  0  0  -1.01270902276e-009  0  0  0  0  0  0  0  0  0  
0  0  0  0  0  0  0  0  0  0  0  0  0  0  0  0  0  0  0  0  0  0  0  0  0  0  0  0  0  0  
0  0  0  0  0  0  0  0  0  0  0  0  0  0  0  0  0  0  0  0  0  0  0  0  0  0  0  0  0  0  
0  0  0  0  0  0  0  0  0  0  0  0  0  0  0  0  0  0  0  0  0  0  0  0  0  0  0  0  0  0  
1  0  0  0  0  0  0  0  0  0  0  0  0  0  0  0  0  0  1.8096075749e-009  0  0  1  0  0  0  0  1  0  0  0  
1  0  0  1  0  0  0  0  0  0  0  1  0  0  0  0  0  1  -1.02818613696e-009  0  0  1  0  0  0  0  0.999999999924  0  1  0  

----------------------------------------以下qin
0  0  0  0  
0  0  0  0  
0  0  0  0  
0  0  0  0  
0  0  1  0  
0  0  0  0  
0  0  0  0  
0  0  0  0  
0  0  0  0  
0  0  0  0  
0  0  0  0  
0  0  0  0  
0  0  0  1  
0  0  0  0  
0  0  0  0  
0  0  0  0  
0  0  0  0  
0  0  0  0  
0  0  0  0  
0  0  0  0  
0  0  0  0  
0  0  0  0  
0  0  0  0  
0  0  0  0  
1  0  0  0  
0  0  0  0  
0  0  0  0  
0  1  0  0  
0  0  0  0  
0  0  0  0  
----------------------------------------以下xir
0  1  0  0  0  1  1  1  0  1  1  0  0  0  9.94057239166e-010  0  1  0  1  0  0  0  1  0  0  1  0  0  0  0  
0  0  1  0  1  0  0  0  1  0  0  0  1  1  1  0  0  0  0  0  1  0  0  1  1  0  0  1  0  0  
1  0  0  1  0  0  0  0  0  0  0  1  0  0  -9.94057239166e-010  1  0  1  0  1  0  1  0  0  0  0  1  0  1  1  
best answer13115381.9864
flow answer:21824761.2677
adj answer:51311.5996443
