--------------------------------
time is:3585.125
----------------------------------------
optimal value:1474182.19963
----------------------------------------
room location
0  0  21.7000002861  0  16.3500003805  41.500000001  32.6500000964  0  25.8500001421  0  0  0  0  0  6.80000019173  55.5999999056  -1.14472927808e-010  5.6153126593e-009  0  28.9500000487  
56.000000244  46.2500002293  0  0  2.5948042829e-009  0  2.5948042829e-009  7.594799456e-009  0  11.7500000006  39.9500002827  4.46658412009e-009  23.4500002867  0  0  -2.81039209612e-009  0  0  31.7500003538  0  
0  0  -1.3068456834e-009  62.7500004725  2.59479362476e-009  -4.05188859892e-010  0  23.4500002851  -1.3068456834e-009  0  0  37.0500001939  -5.89828011986e-009  50.0500001943  1.89597493961e-010  0  6.90000010908  15.0000002434  0  2.59479548959e-009  
 以上――――――――――――――――――以下zijr
0  0  0  0  0  0  0  0  0  0  0  0  0  -8.65855344435e-011  0  6.89652779329e-011  0  0  0  0  
0  0  0  0  0  0  0  0  0  0  0  0  0  0  0  0  0  0  0  0  
0  0  0  0  0  1  1  0  1  0  0  0  0  0  0  1  0  0  0  1  
0  0  0  0  0  0  0  0  0  0  0  0  0  0  0  0  0  0  0  0  
0  0  1  0  0  0.999999999983  1  0  1  0  0  0  0  0  0  1  0  0  0  1  
0  0  0  0  0  0  0  0  0  0  0  0  0  0  1.72413815874e-010  1  0  0  0  7.46268739708e-011  
0  0  0  0  0  1  0  0  0  0  0  0  0  2.91974463661e-010  -3.04731378157e-010  1  0  0  0  0  
0  0  0  0  0  0  5.09593167738e-011  0  0  0  0  0  0  0  0  0  0  5.71824099448e-011  0  0  
0  0  0  0  0  1  1  0  0  0  0  0  0  0  0  1  0  0  0  1  
0  0  0  0  0  0  0  0  -1.04166671146e-010  0  0  0  0  0  0  0  0  0  0  0  
0  0  0  0  0  0  0  0  0  0  0  0  0  0  0  0  0  0  0  0  
0  0  0  0  0  2.94992209646e-010  0  0  0  0  0  0  0  0  0  0  0  0  0  0  
0  0  0  0  0  0  0  0  0  0  0  0  0  0  0  0  0  0  0  0  
0  0  0  0  0  0  -2.91974463661e-010  0  0  0  0  0  0  0  0  0  0  0  0  0  
0  0  1  0  1  0.999999999828  1.0000000003  0  1  0  0  0  0  0  0  1  0  0  0  1  
0  0  0  0  0  0  0  0  0  0  0  0  0  0  0  0  0  3.23389706312e-010  0  0  
0  0  0  0  0  0  0  0  0  0  0  0  0  0  0  0  0  0  0  0  
0  0  0  0  0  0  0  0  0  0  0  0  0  0  0  0  0  0  0  0  
0  0  0  0  0  0  0  0  0  0  0  0  0  0  0  0  0  0  0  0  
0  0  0  0  -3.07863498194e-010  0.9999999999  1  0  0  0  0  0  0  0  0  1  0  0  0  0  

0  -6.2415662644e-011  0  0  0  0  0  5.09593167738e-011  0  0  0  5.09593167738e-011  5.09593167738e-011  0  -1.65902791632e-011  0  0  0  5.09593167738e-011  0  
1  0  0  0  0  0  0  -1.14563458702e-011  0  0  0  -1.14563458702e-011  -1.14563458702e-011  0  -7.90059418073e-011  -6.2415662644e-011  0  -1.24831325288e-010  0  0  
0  0  0  0  0  0  0  0  0  0  0  0  0  0  0  0  0  0  0  0  
0  0  0  0  0  0  0  0  0  0  0  0  0  0  0  0  0  0  0  0  
0  0  0  0  0  0  0  0  0  0  0  0  0  0  0  0  0  0  0  0  
0  0  0  0  0  0  0  0  0  0  0  0  0  0  0  0  0  0  0  0  
0  -6.2415662644e-011  0  0  0  0  0  5.09593167738e-011  0  0  0  0  0  0  0  0  0  0  0  0  
0  0  0  0  0  0  0  0  0  5.09593167738e-011  5.09593167738e-011  0  0  0  0  0  0  0  0  -3.32190343009e-011  
0  0  0  0  0  0  0  0  0  0  0  0  0  0  0  0  0  0  0  0  
1  0.999999999938  0  0  0  0  0  0  0  0  1  5.09593167738e-011  1.00000000005  0  -1.65902791632e-011  0  0  -6.2415662644e-011  1.00000000005  0  
1  0.999999999938  0  0  0  0  0  0  0  0  0  5.09593167738e-011  5.09593167738e-011  0  -1.65902791632e-011  0  0  0  5.09593167738e-011  0  
0  0  0  0  0  0  0  0  0  0  0  0  0  0  0  5.09593167738e-011  0  0  0  0  
1  1  0  0  0  0  0  0  0  0  1  0  0  0  0  -1.14563458702e-011  0  0  1  0  
0  0  0  0  0  0  0  0  0  0  0  0  0  0  0  0  0  0  0  0  
0  0  0  0  0  0  0  0  0  0  0  0  0  0  0  0  0  0  0  0  
-6.2415662644e-011  0  0  0  0  0  0  0  0  -6.2415662644e-011  -6.2415662644e-011  0  0  0  0  0  0  0  -1.14563458702e-011  0  
0  0  0  0  0  0  0  0  0  0  0  0  0  0  0  0  0  0  0  0  
0  0  0  0  0  0  0  0  0  0  -6.2415662644e-011  0  0  0  0  0  0  0  -6.2415662644e-011  0  
1  0.999999999989  0  0  0  0  0  0  0  0  1  0  0  0  -1.65902791632e-011  0  0  0  0  0  
0  0  0  0  0  0  0  0  0  0  0  0  0  0  0  0  0  0  0  0  

0  0  0  0  0  0  0  0  0  0  0  0  0  0  0  0  0  0  0  0  
0  0  0  0  0  0  0  0  0  0  0  0  0  0  0  0  0  0  0  6.2415662644e-011  
0  0  0  0  0  0  0  -5.09593167738e-011  0  0  0  -5.09593167738e-011  0  9.54630827088e-011  0  0  1.65902791632e-011  0  1.32809520703e-011  0  
0  0  0  0  0  0  0  0  0  0  0  0  -1.7328223366e-010  2.0684955014e-010  0  6.2415662644e-011  1.74684261513e-010  0  0  0  
0  6.2415662644e-011  0  1.65902791632e-011  0  0  0  0  -2.43682518447e-011  0  0  0  0  0  0  0  0  0  0  0  
0  0  0  0  0  0  0  1.14872103528e-010  0  0  0  0  0  0  5.73011900539e-012  -3.8393140359e-011  8.89099965751e-010  0  4.17720474115e-012  -2.54795739994e-011  
0  0  0  0  0  0  0  0  0  0  0  0  0  0  0  0  0  0  0  0  
0  6.2415662644e-011  0  0.999999999949  1.65902791632e-011  -1.65831420302e-010  0  0  0  0  0  0.999999999899  -1.01918633548e-010  1  0  0  0  6.2415662644e-011  0  1.80975410913e-010  
0  0  0  0  4.09585310079e-011  0  0  0  0  0  0  0  0  3.95215772486e-011  0  0  0  0  0  0  
0  0  0  0  0  0  0  0  0  0  0  0  0  0  0  0  0  0  0  0  
0  0  0  0  0  0  0  0  0  0  0  0  0  0  0  0  0  0  0  0  
0  6.2415662644e-011  0  0.999999999949  -3.43690376106e-011  -5.09593167738e-011  0  0  -5.09593167738e-011  0  0  0  -1.01918633548e-010  1  0  0  0  0  0  0  
0  6.2415662644e-011  0  1.22322916887e-010  0  0  0  0  0  0  0  0  0  0  0  0  -3.43690376106e-011  1.3945410603e-010  0  0  
0  0  -9.54630827088e-011  0.999999999793  1.65902791632e-011  0  0  -5.09593167738e-011  -3.95215772486e-011  0  0  -5.09593167738e-011  -5.09593167738e-011  0  0  0  0  0  -4.03702610014e-012  0  
0  -3.56136419789e-010  0  1.65902791632e-011  0  1.08601601578e-011  0  -3.43690376106e-011  0  0  0  -3.43690376106e-011  0  1.65902791632e-011  0  0  0  0  0  0  
0  6.2415662644e-011  0  0  0  0  0  0  0  0  0  0  0  0  0  0  0  0  0  0  
0  6.2415662644e-011  0  0.999999999842  1.59989972728e-010  1.81923768397e-010  0  0.999999999966  0  0  0  1.00000000049  0  1.00000000002  0  -5.09157518438e-011  0  1.00000000015  0  0  
0  0  0  1.00000000006  7.90059418073e-011  0  0  1  0  0  0  1.00000000001  0  1.00000000006  0  0  0  0  0  0  
0  0  -1.32809520703e-011  -5.09593167738e-011  0  -4.17720474115e-012  0  -1.01918633548e-010  0  0  0  -1.01918633548e-010  0  -4.69222906737e-011  0  0  -3.43690376106e-011  -5.09593167738e-011  0  0  
0  0  0  0  0  0  0  0  0  0  0  -5.09593167738e-011  0  0  0  0  1.65902791632e-011  6.2415662644e-011  0  0  

----------------------------------------以下qin
0  0  0  0  
0  0  -6.2415662644e-011  0  
0  0  0  0  
0  -1.0592437594e-012  -1.55308459258e-011  1.65900896852e-011  
0  0  0  0  
0  0  0  0  
0  2.92373914789e-011  2.6987191796e-011  0  
0  1.18508723233e-010  0  -6.7549406459e-011  
0  0  0  0  
1  0  0  0  
0  0  0  1  
0  0  0  0  
5.09593167738e-011  1  0  0  
0  0  0  0  
0  0  0  0  
0  0  0  0  
0  0  0  0  
0  -1.46686870952e-010  0  0  
0  0  1  5.09593167738e-011  
-5.09593167738e-011  0  5.09593167738e-011  0  
----------------------------------------以下xir
0  0  1  0  0.999999999983  1  1  0  1  0  0  0  0  0  1  1  -1.65902791632e-011  0  0  1  
1  0.999999999938  0  0  0  0  0  5.09593167738e-011  0  1  1  5.09593167738e-011  1.00000000005  0  -1.65902791632e-011  -6.2415662644e-011  0  -6.2415662644e-011  1.00000000005  0  
0  6.2415662644e-011  0  1  1.65902791632e-011  0  0  0.999999999949  0  0  0  0.999999999949  -5.09593167738e-011  1  1.65902791632e-011  6.2415662644e-011  1.00000000002  1.00000000006  -5.09593167738e-011  0  
best answer1474182.19963
flow answer:4694363.28018
adj answer:13981.0498175
