--------------------------------
time is:3586.984375
----------------------------------------
optimal value:13754.8000586
----------------------------------------
room location
27.25  0  39.8999998569  61.8500001421  17.250000002  0  0  7.25  0  0  0  0  0  49.1499998559  0  0  0  0  35.8999999644  0  
-2.0497950004e-009  18.8999996113  -5.40166666951e-009  -2.0497950004e-009  0  9.69999980201  0  -5.04979524862e-009  9.95017757077e-009  42.8000001846  0  5.95018434524e-009  68.3000006615  0  28.1999998032  1.99999306005e-009  54.5000004707  3.52941743461e-009  4.7092803222e-009  -5.04979524862e-009  
0  1.20147675576e-009  4.40167288852e-009  0  0  3.20146753552e-009  32.0500001907  0  38.8500001421  0  44.2000000467  21.1500000954  8.77236061569e-011  0  0  7.40000009537  3.20146753552e-009  28.7000000471  0  35.7500002394  
 以上――――――――――――――――――以下zijr
0  0  1  1  0  0  0  0  0  0  0  0  0  1  0  0  0  0  0.999999999949  0  
0  0  0  0  0  0  0  0  0  0  0  0  0  0  0  0  0  0  0  0  
0  0  0  1  0  0  0  0  0  0  0  0  0  1  0  0  0  0  0  0  
0  0  0  0  0  0  0  0  0  0  0  0  0  0  0  0  0  0  0  0  
1  0  1  1  0  0  0  0  0  0  0  0  0  1  0  0  0  0  1  0  
0  0  0  0  0  0  0  0  0  0  0  0  0  0  0  0  0  0  0  0  
0  0  0  0  0  0  0  0  0  0  0  0  0  0  0  0  0  0  0  0  
1  0  1  1  1  0  0  0  0  0  0  0  0  1  0  0  0  0  1  0  
0  0  0  -3.22579535739e-010  0  0  0  0  0  0  0  0  0  0  0  0  0  0  0  0  
0  0  0  0  0  0  0  0  0  0  0  0  0  0  0  0  0  0  -5.0856158974e-011  0  
0  0  0  0  0  0  0  0  0  0  0  0  0  0  0  0  0  0  0  0  
0  0  0  0  0  0  0  0  0  0  0  0  0  -8.26623214323e-011  0  0  0  0  0  0  
0  0  0  0  0  0  0  0  0  0  0  0  0  0  0  0  0  0  0  0  
0  0  0  1  1.46630485531e-010  0  0  0  0  0  0  0  0  0  0  0  0  0  -7.86633702995e-010  0  
0  0  0  0  0  0  0  0  0  0  0  0  0  0  0  0  0  0  0  0  
0  0  0  0  0  0  0  0  0  0  0  0  0  0  0  0  0  0  0  0  
0  0  0  0  0  0  0  0  0  0  0  0  0  0  0  0  0  0  0  0  
0  0  0  0  0  0  0  0  0  0  0  0  0  0  0  0  0  0  0  0  
0  0  1  1  0  0  0  0  0  0  0  0  0  1  0  0  0  0  0  0  
0  0  0  0  0  0  0  0  0  0  0  0  0  0  0  0  0  0  0  0  

0  0  0  0  0  0  0  0  0  0  0  0  0  0  0  0  0  0  0  0  
0  0  -2.5428079487e-011  0  0  0  0  0  0  1  0  0  0.999999999975  0  1  0  1  -2.5428079487e-011  3.81421192305e-011  0  
0  0  0  0  0  0  0  0  0  0  0  0  -2.5428079487e-011  0  -1.27140397435e-011  0  0  0  0  0  
0  0  0  0  0  0  0  0  0  0  0  0  0  0  0  0  0  0  0  0  
0  -1.27140397435e-011  0  0  0  0  0  0  0  0  0  0  0  0  0  0  0  0  5.0856158974e-011  0  
0  1  0  0  0  0  0  0  0  1  0  0  1  0  1  0  1  0  0  0  
0  0  0  0  0  0  0  0  0  0  0  0  0  0  0  0  0  0  0  0  
0  0  0  0  0  0  0  0  0  0  0  0  0  0  0  0  0  0  0  0  
0  0  0  0  0  0  0  0  0  0  0  0  0  0  0  0  0  0  0  0  
0  0  0  0  0  0  0  0  0  0  0  0  1  0  0  0  1  0  0  0  
0  0  0  0  0  0  0  0  0  0  0  0  0  0  0  0  0  0  0  0  
0  -1.27140397435e-011  0  0  0  0  0  0  0  0  0  0  0  0  0  0  0  0  5.0856158974e-011  0  
0  0  0  0  -1.27140397435e-011  0  0  0  0  0  0  -1.27140397435e-011  0  0  -1.27140397435e-011  0  0  -2.5428079487e-011  0  0  
0  0  0  0  0  0  0  0  0  0  0  0  0  0  0  0  0  0  0  0  
0  -1.27140397435e-011  0  0  0  0  0  0  0  1  0  0  1  0  0  0  1  0  0  0  
0  0  0  0  0  0  0  0  0  0  0  0  0  0  0  0  0  0  0  0  
0  0  0  0  0  0  0  0  0  0  0  0  1  0  0  0  0  0  0  0  
0  0  0  0  0  0  0  0  0  0  0  -1.27140397435e-011  0  0  -1.27140397435e-011  0  0  0  0  0  
0  0  0  0  0  0  0  0  0  0  0  0  3.81421192305e-011  0  5.0856158974e-011  0  0  0  0  0  
0  0  0  0  0  0  0  0  0  0  0  0  0  0  0  0  0  0  0  0  

0  0  0  0  0  0  0  0  0  0  0  0  0  0  0  0  0  0  0  0  
0  0  0  0  0  0  0  0  0  0  0  0  0  0  0  0  0  0  0  0  
0  0  0  0  0  0  0  0  0  0  0  0  0  0  0  0  0  0  0  0  
0  1.27140397435e-011  0  0  0  0  0  0  0  0  0  0  0  0  0  0  0  1.27140397435e-011  0  0  
0  0  0  0  0  0  0  0  0  0  0  0  0  0  0  0  0  0  0  0  
0  1.27140397435e-011  1.27140397435e-011  0  0  0  0  0  0  0  0  0  0  0  0  0  0  1.27140397435e-011  0  7.46260830908e-011  
0  0  0  0  0  0  0  0  1  0  1  0  0  0  0  0  0  0  0  1  
0  1.27140397435e-011  1.27140397435e-011  0  0  0  0  0  0  0  3.31944460317e-010  0  0  0  0  0  0  -8.21227685028e-011  0  0  
0  0  0  0  0  0  0  0  0  0  1  0  0  0  0  0  0  0  0  0  
0  0  0  0  0  0  0  0  0  0  0  0  0  0  0  0  0  0  0  0  
0  1.27140397435e-011  1.27140397435e-011  0  0  0  0  0  0  0  0  0  0  0  0  0  4.21245733644e-010  1.27140397435e-011  0  0  
0  0  0  0  0  0  1  0  1  0  1  0  0  0  0  0  0  1  0  1  
0  0  0  0  0  0  0  0  0  0  0  0  0  0  0  0  0  0  0  0  
0  0  0  0  0  0  0  0  0  0  0  0  0  0  0  0  0  0  0  0  
0  0  0  0  0  0  0  0  0  0  0  0  0  0  0  0  0  0  0  0  
0  1.27140397435e-011  1.27140397435e-011  0  0  2.31946509577e-010  1  0  0.999999999932  0  1  1  0  0  0  0  0  1  0  1  
0  1.27140397435e-011  1.27140397435e-011  0  0  0  0  0  0  0  -4.21245733644e-010  0  0  0  0  0  0  1.27140397435e-011  0  0  
0  0  0  0  0  0  1  0  1  0  1  0  0  0  0  0  0  0  0  1  
0  0  0  0  0  0  0  0  0  0  0  0  0  0  0  0  0  0  0  0  
0  6.48005904805e-011  1.14633759657e-009  0  0  -7.46260830908e-011  0  0  1  0  1  0  0  0  0  0  0  0  0  0  

----------------------------------------以下qin
0  0  0  0  
0  0.999999999949  0  0  
0  0  0  0  
0  0  0  0  
0  5.0856158974e-011  0  -5.0856158974e-011  
1  0  0  0  
0  0  0  0  
0  0  0  0  
0  0  0  0  
0  0  0  1  
0  0  0  0  
0  0  0  0  
0  0  -1.27140397435e-011  0  
0  0  0  0  
0  0  1  0  
0  0  0  0  
0  0  0  0  
0  0  1.27140397435e-011  0  
0  0  0  5.0856158974e-011  
0  0  0  0  
----------------------------------------以下xir
1  0  1  1  1  0  0  1  0  0  0  0  0  1  0  0  0  0  0.999999999949  0  
0  0.999999999987  -1.27140397435e-011  0  0  1  0  0  0  1  0  0  0.999999999987  0  1  0  1  -1.27140397435e-011  5.0856158974e-011  0  
0  1.27140397435e-011  1.27140397435e-011  0  0  0  1  0  1  0  1  1  1.27140397435e-011  0  0  1  0  1.00000000001  0  1  
best answer13754.8000586
flow answer:8699243.48326
adj answer:13618.8002092
