width
10.9,7.2,11.2,9.5,3.2,9.2,7.2,8.8,13.7,11.7
flow
0,922,0,0,4790,1565,0,1862,0,0
0,0,1840,0,0,1461,0,0,840,0
892,0,0,0,0,0,1351,0,0,0
399,870,0,0,943,0,1595,0,0,0
0,0,0,0,0,142,218,1106,1367,0
447,1625,1348,0,0,0,0,0,0,1652
0,0,0,0,0,1696,0,563,0,10674
0,0,0,12255,0,0,3294,0,0,1251
657,814,373,189,287,0,0,0,0,0
0,1743,0,0,0,930,0,0,0,0
limit_row
64.0,,52.1,59.3
limit_wid
2.8,2,2
corridor
2
height
2
adj
1,5,2,1,2,0,3,4,1,3
4,1,1,5,0,3,5,0,5,0
4,1,2,2,5,3,2,3,1,1
3,5,1,1,1,4,2,0,5,5
4,1,0,3,0,0,3,3,1,0
5,0,2,0,5,0,0,2,2,2
3,1,3,0,2,0,5,0,2,4
4,5,5,3,4,3,1,3,0,5
4,1,4,2,0,0,5,1,4,0
5,3,2,2,4,0,3,4,4,3
