7
--------------------------------
796180.295718,871119.976421,1074613.88209,1156365.31849,1131923.93298,1065734.27688,799760.206286

1723.81191375,1523.67288298,1509.96501658,1449.51055379,1502.65283252,1519.75791191,1586.00058548
--------------------------------
9 2 6 1 3 4 5 0 8 7 	3 2 2 3 	4.11469636664 3.93507621529 
9 5 4 1 3 6 2 0 8 7 	3 2 2 3 	2.70189464868 3.08460901462 
9 5 4 6 1 3 2 0 8 7 	3 2 2 3 	3.91489944363 3.11363181596 
9 5 4 1 3 8 2 0 6 7 	3 2 2 3 	4.00910137841 3.01436071224 
9 5 4 3 6 8 2 0 1 7 	3 2 2 3 	6.39848581499 3.25633312388 
9 5 4 6 3 1 2 0 8 7 	3 2 2 3 	4.62070362414 3.25410948546 
9 6 2 1 3 5 4 0 8 7 	3 2 2 3 	2.34557606117 3.0841977005 
