9
--------------------------------
348735.309937,467185.576651,349805.136728,487201.197011,425249.086158,335841.060481,336335.276017,337526.606019,337702.178672

1156.24314356,997.180901345,1056.63019576,974.552627997,1007.96694898,1167.09642604,1165.27566608,1164.88958691,1164.83268836
--------------------------------
6 4 3 7 5 1 0 2 	3 2 2 1 	3.16375922807 3.35458885821 
3 6 1 5 7 0 4 2 	2 2 2 2 	2.08697140623 3.03562796554 
3 1 5 0 7 6 4 2 	2 2 2 2 	3.80812910663 3.1031902925 
3 1 6 5 0 7 4 2 	2 2 2 2 	2.09494137792 3.02284645835 
4 2 5 6 7 0 3 1 	2 2 2 2 	3.34631225597 3.07016620452 
6 4 3 7 5 0 1 2 	3 2 2 1 	3.46975530837 3.9100335339 
6 4 3 7 5 0 1 2 	3 2 2 1 	3.61822544505 3.76156339723 
6 4 3 7 5 0 1 2 	3 2 2 1 	3.67337961184 3.70640923044 
6 4 3 7 5 0 1 2 	3 2 2 1 	3.6815079754 3.69828086687 
