9
--------------------------------
439202.114401,363917.920053,364140.620687,445165.830358,467713.14828,334988.447798,339187.720562,350520.780375,333761.780148

1003.33482116,1057.93109657,1056.30639308,1001.58607976,994.237618307,1124.0047786,1105.09093943,1060.23236301,1137.93881885
--------------------------------
4 2 6 5 7 0 3 1 	2 2 2 2 	2.01546583173 3.19319061247 
4 2 5 0 7 6 3 1 	2 2 2 2 	2.8138457899 3.1114363615 
4 2 5 0 7 6 3 1 	2 2 2 2 	2.83696103689 3.05297439882 
4 2 6 5 7 0 3 1 	2 2 2 2 	2.27350609398 3.08623282588 
2 7 5 1 0 6 4 3 	2 2 2 2 	3.03540797966 3.35269478143 
2 4 7 0 5 6 1 3 	2 2 2 2 	3.2292890169 3.22874115141 
2 4 7 0 5 6 1 3 	2 2 2 2 	2.69967430843 3.09826993215 
4 2 5 0 7 6 3 1 	2 2 2 2 	3.39028750776 3.23936783843 
2 7 5 0 1 6 4 3 	1 2 2 3 	3.21581197459 3.13911363665 
