173
--------------------------------
757515.682539,588627.498538,589329.413061,572831.973801,745429.589459,527651.87989,536939.444587,522003.151813,992850.527786,574284.056372,574317.547385,574281.511085,825933.306902,826057.43605,826112.840634,826288.711668,574474.146786,574457.358179,574245.097227,574266.285614,574477.796115,574363.475972,574295.990936,825749.072853,574491.554574,766023.281584,574349.616425,574423.341317,574447.124046,825842.815633,574453.91757,574498.276033,826069.13745,826239.555974,825891.986062,574468.361916,825708.15435,574398.358835,574264.649557,574265.631121,825814.028845,574515.777038,826010.247327,826097.024061,574386.725213,825919.271172,825783.686651,574471.970071,574444.673912,574448.785995,825957.646283,826164.979975,826207.534897,574432.329341,574490.267532,825947.387543,574382.82043,574289.024747,825935.092855,574311.719331,825812.650906,812595.701108,574451.272269,574271.161116,574257.866982,574320.561304,826077.808777,825644.29504,574470.464211,826083.193661,574499.04037,825682.48114,825850.885605,574320.249922,825780.29448,574514.669824,560140.217285,574393.354083,825965.11251,574436.292367,826263.87933,825789.720154,825792.198628,574306.101709,826038.765289,574237.740791,825871.153543,574242.832353,574474.062964,826212.787557,574392.211885,574280.404833,574331.624072,826006.088022,574490.957777,825628.088297,826124.722069,825862.656193,574377.053906,574423.303049,574332.21066,516035.022264,516747.001949,825920.038831,574498.121781,825894.347726,825934.53743,574389.48788,825814.017555,574321.157803,825947.339923,826021.832404,574231.231495,826176.750685,826036.881146,574251.579349,574343.393707,574443.991582,574299.887506,574335.595087,826266.797368,826276.029009,825938.214036,574518.422604,574365.416609,825749.220499,574507.034386,574368.041738,574250.016465,574247.140984,825883.431576,826122.022716,574235.203488,574283.733234,574407.032468,574495.311742,825685.784161,574422.274108,574258.456656,826294.118228,826283.481478,574236.733666,825748.476162,825859.889775,825652.103372,574403.993931,574314.804598,826253.765456,826144.613486,825844.987168,574397.56773,825879.450101,574288.579545,519111.207314,520705.898317,521496.190079,574270.734106,518832.093063,574355.080923,574408.300466,574246.7551,825618.807484,574359.530191,826047.236761,574444.254672,574352.750105,574243.49022,574268.071019,574439.09188,574369.301547,574256.581817,826260.846758,574480.65003

1771.68564925,1786.29907702,1781.10780573,1787.58378895,1779.58842695,1836.96057728,1792.69020577,1846.75937033,1665.62451416,1787.3741665,1787.24613831,1787.38389653,1688.81194935,1688.33743306,1688.12563447,1687.45332122,1786.64749594,1786.7116748,1787.52309808,1787.4420999,1786.63354542,1787.07056421,1787.3285435,1689.51623242,1786.5809501,1696.87065023,1787.12354597,1786.8417132,1786.75079746,1689.15787601,1786.72482743,1786.55525555,1688.29270138,1687.64123178,1688.96990912,1786.66961012,1689.67265415,1786.9372153,1787.44835416,1787.44460187,1689.26792107,1786.48835336,1688.51782435,1688.18609748,1786.98168788,1688.86560461,1689.38391208,1786.655817,1786.76016375,1786.74444423,1688.71890566,1687.92631814,1687.76364077,1786.80735411,1786.58587015,1688.7581224,1786.99661494,1787.35517358,1688.80512207,1787.26841757,1689.2731886,1690.07683569,1786.73493979,1787.42346201,1787.47428233,1787.23461681,1688.25955295,1689.91677314,1786.66157355,1688.23896782,1786.55233367,1689.77079674,1689.12702642,1787.23580715,1689.39687954,1786.49258597,1787.71662396,1786.95634728,1688.69036405,1786.79220441,1687.54824936,1689.36084743,1689.35137281,1787.28989241,1688.40880695,1787.55121999,1689.0495469,1787.53175615,1786.64781637,1687.74356109,1786.96071363,1787.38812547,1787.19232647,1688.53372439,1786.58323151,1689.97872768,1688.08021457,1689.08203025,1787.01865899,1786.84185949,1787.19008408,1979.05656077,1960.88103447,1688.86267003,1786.55584522,1688.96088103,1688.80724533,1786.97112686,1689.26796423,1787.23233654,1688.75830444,1688.47353735,1787.57610348,1687.88132151,1688.41600958,1787.49831846,1787.14733395,1786.76277213,1787.31364783,1787.17714622,1687.53709439,1687.50180402,1688.79319054,1786.47823999,1787.06314561,1689.515668,1786.52177444,1787.05311037,1787.504293,1787.51528528,1689.00261089,1688.09053355,1787.56091949,1787.37540179,1786.90405806,1786.56658733,1689.75817008,1786.84579288,1787.47202815,1687.43265323,1687.473315,1787.55506999,1689.51851343,1689.09260561,1689.88692374,1786.91567366,1787.25662333,1687.5869123,1688.00417439,1689.14957474,1786.94023951,1689.01783112,1787.35687549,1944.0322747,1930.93083385,1924.43806457,1787.42509437,1956.66755051,1787.10265649,1786.8992108,1787.51676042,1690.01420603,1787.085648,1688.37642252,1786.7617664,1787.11156666,1787.52924128,1787.43527472,1786.78150253,1787.04829442,1787.47919521,1687.55984216,1786.62263558
--------------------------------
0 2 9 8 3 4 6 5 7 1 	3 2 2 3 	3.15370924522 3.08538956509 
5 7 1 8 3 4 6 0 9 2 	3 2 2 3 	2.26255574631 3.34097330436 
5 7 1 8 3 4 6 0 9 2 	3 2 2 3 	2.53578055076 3.06774849992 
5 7 6 3 4 8 1 0 9 2 	3 2 2 3 	3.20148224763 3.07224086734 
5 7 6 3 4 8 1 0 2 9 	3 2 2 3 	3.33085072236 3.07512750052 
5 7 6 3 8 4 1 2 0 9 	3 2 2 3 	4.76152726775 3.04142036881 
5 7 6 3 4 8 1 0 9 2 	3 2 2 3 	4.76152726775 3.04142036881 
5 7 6 3 4 8 1 9 0 2 	3 2 2 3 	4.76152726775 3.04142036881 
5 7 6 3 4 9 0 1 8 2 	3 2 2 3 	4.76152726775 3.04142036881 
5 7 6 4 3 8 1 0 9 2 	3 2 2 3 	3.72194807916 3.04084419343 
5 7 6 4 3 8 1 0 9 2 	3 2 2 3 	3.72776754265 3.03502472993 
5 7 6 4 3 8 1 0 9 2 	3 2 2 3 	3.72150580507 3.04128646751 
5 7 6 4 3 9 1 0 8 2 	3 2 2 3 	3.69919461277 3.06359765982 
5 7 6 4 3 9 1 0 8 2 	3 2 2 3 	3.72076353515 3.04202873743 
5 7 6 4 3 9 1 0 8 2 	3 2 2 3 	3.73039074341 3.03240152917 
5 7 6 4 3 9 1 0 8 2 	3 2 2 3 	3.76095043662 3.00184183597 
5 7 6 4 3 8 1 0 9 2 	3 2 2 3 	3.75497855946 3.00781371313 
5 7 6 4 3 8 1 0 9 2 	3 2 2 3 	3.75206133844 3.01073093415 
5 7 6 4 3 8 1 0 9 2 	3 2 2 3 	3.71517846221 3.04761381038 
5 7 6 4 3 8 1 0 9 2 	3 2 2 3 	3.71886019758 3.04393207501 
5 7 6 4 3 8 1 0 9 2 	3 2 2 3 	3.75561267394 3.00717959865 
5 7 6 4 3 8 1 0 9 2 	3 2 2 3 	3.73574818337 3.02704408922 
5 7 6 4 3 8 1 0 9 2 	3 2 2 3 	3.72402185226 3.03877042032 
5 7 6 4 3 9 1 0 8 2 	3 2 2 3 	3.66718174584 3.09561052675 
5 7 6 4 3 8 1 0 9 2 	3 2 2 3 	3.75800337044 3.00478890215 
5 7 6 3 4 9 1 8 0 2 	3 2 2 3 	3.6679765835 3.09481568909 
5 7 6 4 3 8 1 0 9 2 	3 2 2 3 	3.73333992158 3.02945235101 
5 7 6 4 3 8 1 0 9 2 	3 2 2 3 	3.7461505023 3.01664177028 
5 7 6 4 3 8 1 0 9 2 	3 2 2 3 	3.75028303557 3.01250923702 
5 7 6 4 3 9 1 0 8 2 	3 2 2 3 	3.68347067372 3.07932159886 
5 7 6 4 3 8 1 0 9 2 	3 2 2 3 	3.75146349141 3.01132878118 
5 7 6 4 3 8 1 0 9 2 	3 2 2 3 	3.75917130426 3.00362096832 
5 7 6 4 3 9 1 0 8 2 	3 2 2 3 	3.72279679313 3.03999547945 
5 7 6 4 3 9 1 0 8 2 	3 2 2 3 	3.7524090476 3.01038322499 
5 7 6 4 3 9 1 0 8 2 	3 2 2 3 	3.6920146232 3.07077764939 
5 7 6 4 3 8 1 0 9 2 	3 2 2 3 	3.75397336914 3.00881890345 
5 7 6 4 3 9 1 0 8 2 	3 2 2 3 	3.66007166727 3.10272060531 
5 7 6 4 3 8 1 0 9 2 	3 2 2 3 	3.74180949748 3.02098277511 
5 7 6 4 3 8 1 0 9 2 	3 2 2 3 	3.71857591316 3.04421635943 
5 7 6 4 3 8 1 0 9 2 	3 2 2 3 	3.71874647166 3.04404580093 
5 7 6 4 3 9 1 0 8 2 	3 2 2 3 	3.67846862547 3.08432364712 
5 7 6 4 3 8 1 0 9 2 	3 2 2 3 	3.76221231304 3.00057995954 
5 7 6 4 3 9 1 0 8 2 	3 2 2 3 	3.71256393071 3.05022834187 
5 7 6 4 3 9 1 0 8 2 	3 2 2 3 	3.72764242503 3.03514984755 
5 7 6 4 3 8 1 0 9 2 	3 2 2 3 	3.7397880167 3.02300425588 
5 7 6 4 3 9 1 0 8 2 	3 2 2 3 	3.69675573709 3.0660365355 
5 7 6 4 3 9 1 0 8 2 	3 2 2 3 	3.67319630681 3.08959596578 
5 7 6 4 3 8 1 0 9 2 	3 2 2 3 	3.75460032912 3.00819194346 
5 7 6 4 3 8 1 0 9 2 	3 2 2 3 	3.74985729544 3.01293497715 
5 7 6 4 3 8 1 0 9 2 	3 2 2 3 	3.75057181901 3.01222045358 
5 7 6 4 3 9 1 0 8 2 	3 2 2 3 	3.70342387111 3.05936840148 
5 7 6 4 3 9 1 0 8 2 	3 2 2 3 	3.7394505769 3.02334169568 
5 7 6 4 3 9 1 0 8 2 	3 2 2 3 	3.74684500285 3.01594726973 
5 7 6 4 3 8 1 0 9 2 	3 2 2 3 	3.74771227883 3.01507999376 
5 7 6 4 3 8 1 0 9 2 	3 2 2 3 	3.75777973167 3.00501254092 
5 7 6 4 3 9 1 0 8 2 	3 2 2 3 	3.70164129241 3.06115098017 
5 7 6 4 3 8 1 0 9 2 	3 2 2 3 	3.73910951402 3.02368275856 
5 7 6 4 3 8 1 0 9 2 	3 2 2 3 	3.72281139369 3.0399808789 
5 7 6 4 3 9 1 0 8 2 	3 2 2 3 	3.69950494357 3.06328732902 
5 7 6 4 3 8 1 0 9 2 	3 2 2 3 	3.72675484879 3.0360374238 
5 7 6 4 3 9 1 0 8 2 	3 2 2 3 	3.67822919208 3.08456308051 
5 7 6 3 4 9 1 0 8 2 	3 2 2 3 	3.69086966387 3.07192260872 
5 7 6 4 3 8 1 0 9 2 	3 2 2 3 	3.75100383876 3.01178843383 
5 7 6 4 3 8 1 0 9 2 	3 2 2 3 	3.71970737432 3.04308489827 
5 7 6 4 3 8 1 0 9 2 	3 2 2 3 	3.71739735974 3.04539491285 
5 7 6 4 3 8 1 0 9 2 	3 2 2 3 	3.72829124721 3.03450102537 
5 7 6 4 3 9 1 0 8 2 	3 2 2 3 	3.72430353978 3.03848873281 
5 7 6 4 3 9 1 0 8 2 	3 2 2 3 	3.64897534928 3.11381692331 
5 7 6 4 3 8 1 0 9 2 	3 2 2 3 	3.75433866794 3.00845360465 
5 7 6 4 3 9 1 0 8 2 	3 2 2 3 	3.72523922782 3.03755304477 
5 7 6 4 3 8 1 0 9 2 	3 2 2 3 	3.75930411705 3.00348815554 
5 7 6 4 3 9 1 0 8 2 	3 2 2 3 	3.65561064033 3.10718163226 
5 7 6 4 3 9 1 0 8 2 	3 2 2 3 	3.68487292777 3.07791934482 
5 7 6 4 3 8 1 0 9 2 	3 2 2 3 	3.72823714077 3.03455513181 
5 7 6 4 3 9 1 0 8 2 	3 2 2 3 	3.67260687656 3.09018539603 
5 7 6 4 3 8 1 0 9 2 	3 2 2 3 	3.7620199214 3.00077235118 
5 7 6 3 4 8 1 0 9 2 	3 2 2 3 	3.7620199214 3.00077235118 
5 7 6 4 3 8 1 0 9 2 	3 2 2 3 	3.74093986209 3.0218524105 
5 7 6 4 3 9 1 0 8 2 	3 2 2 3 	3.70472121722 3.05807105536 
5 7 6 4 3 8 1 0 9 2 	3 2 2 3 	3.74840090182 3.01439137077 
5 7 6 4 3 9 1 0 8 2 	3 2 2 3 	3.75663552125 3.00615675133 
5 7 6 4 3 9 1 0 8 2 	3 2 2 3 	3.67424470012 3.08854757247 
5 7 6 4 3 9 1 0 8 2 	3 2 2 3 	3.67467536453 3.08811690805 
5 7 6 4 3 8 1 0 9 2 	3 2 2 3 	3.7257787197 3.03701355288 
5 7 6 4 3 9 1 0 8 2 	3 2 2 3 	3.7175192674 3.04527300518 
5 7 6 4 3 8 1 0 9 2 	3 2 2 3 	3.71390019357 3.04889207902 
5 7 6 4 3 9 1 0 8 2 	3 2 2 3 	3.68839472423 3.07439754836 
5 7 6 4 3 8 1 0 9 2 	3 2 2 3 	3.71478491333 3.04800735926 
5 7 6 4 3 8 1 0 9 2 	3 2 2 3 	3.75496399425 3.00782827833 
5 7 6 4 3 9 1 0 8 2 	3 2 2 3 	3.74775771528 3.01503455731 
5 7 6 4 3 8 1 0 9 2 	3 2 2 3 	3.74074139154 3.02205088104 
5 7 6 4 3 8 1 0 9 2 	3 2 2 3 	3.7213135806 3.04147869199 
5 7 6 4 3 8 1 0 9 2 	3 2 2 3 	3.73021353524 3.03257873734 
5 7 6 4 3 9 1 0 8 2 	3 2 2 3 	3.71184120181 3.05095107078 
5 7 6 4 3 8 1 0 9 2 	3 2 2 3 	3.75789966983 3.00489260275 
5 7 6 4 3 9 1 0 8 2 	3 2 2 3 	3.64615923409 3.1166330385 
5 7 6 4 3 9 1 0 8 2 	3 2 2 3 	3.73245528467 3.03033698792 
5 7 6 4 3 9 1 0 8 2 	3 2 2 3 	3.68691820818 3.07587406441 
5 7 6 4 3 8 1 0 9 2 	3 2 2 3 	3.73810751154 3.02468476104 
5 7 6 4 3 8 1 0 9 2 	3 2 2 3 	3.74614385263 3.01664841995 
5 7 6 4 3 8 1 0 9 2 	3 2 2 3 	3.73031546186 3.03247681072 
5 8 6 3 7 4 1 2 9 0 	3 2 2 3 	3.20054274532 3.18722059945 
5 8 6 3 7 4 1 2 0 9 	3 2 2 3 	3.20054274532 3.18722059945 
5 7 6 4 3 9 1 0 8 2 	3 2 2 3 	3.69688912703 3.06590314555 
5 7 6 4 3 8 1 0 9 2 	3 2 2 3 	3.75914450124 3.00364777135 
5 7 6 4 3 9 1 0 8 2 	3 2 2 3 	3.69242499065 3.07036728193 
5 7 6 4 3 9 1 0 8 2 	3 2 2 3 	3.69940843168 3.06338384091 
5 7 6 4 3 8 1 0 9 2 	3 2 2 3 	3.7402680632 3.02252420939 
5 7 6 4 3 9 1 0 8 2 	3 2 2 3 	3.67846666371 3.08432560888 
5 7 6 4 3 8 1 0 9 2 	3 2 2 3 	3.7283948959 3.03439737669 
5 7 6 4 3 9 1 0 8 2 	3 2 2 3 	3.70163301788 3.0611592547 
5 7 6 4 3 9 1 0 8 2 	3 2 2 3 	3.7145769764 3.04821529619 
5 7 6 4 3 8 1 0 9 2 	3 2 2 3 	3.71276912564 3.05002314694 
5 7 6 4 3 9 1 0 8 2 	3 2 2 3 	3.7414958783 3.02129639429 
5 7 6 4 3 9 1 0 8 2 	3 2 2 3 	3.71719187501 3.04560039758 
5 7 6 4 3 8 1 0 9 2 	3 2 2 3 	3.7163048084 3.04648746419 
5 7 6 4 3 8 1 0 9 2 	3 2 2 3 	3.73225864996 3.03053362263 
5 7 6 4 3 8 1 0 9 2 	3 2 2 3 	3.7497387325 3.01305354009 
5 7 6 4 3 8 1 0 9 2 	3 2 2 3 	3.72469892781 3.03809334478 
5 7 6 4 3 8 1 0 9 2 	3 2 2 3 	3.73090354652 3.03188872607 
5 7 6 4 3 9 1 0 8 2 	3 2 2 3 	3.75714256519 3.0056497074 
5 7 6 4 3 9 1 0 8 2 	3 2 2 3 	3.75874667315 3.00404559943 
5 7 6 4 3 9 1 0 8 2 	3 2 2 3 	3.70004728598 3.06274498661 
5 7 6 4 3 8 1 0 9 2 	3 2 2 3 	3.76267201177 3.00012026082 
5 7 6 4 3 8 1 0 9 2 	3 2 2 3 	3.73608539231 3.02670688027 
5 7 6 4 3 9 1 0 8 2 	3 2 2 3 	3.66720740119 3.09558487139 
5 7 6 4 3 8 1 0 9 2 	3 2 2 3 	3.76069317283 3.00209909976 
5 7 6 4 3 8 1 0 9 2 	3 2 2 3 	3.73654153976 3.02625073282 
5 7 6 4 3 8 1 0 9 2 	3 2 2 3 	3.71603323857 3.04675903402 
5 7 6 4 3 8 1 0 9 2 	3 2 2 3 	3.71553358942 3.04725868316 
5 7 6 4 3 9 1 0 8 2 	3 2 2 3 	3.69052817903 3.07226409355 
5 7 6 4 3 9 1 0 8 2 	3 2 2 3 	3.73198623995 3.03080603264 
5 7 6 4 3 8 1 0 9 2 	3 2 2 3 	3.71345930688 3.0493329657 
5 7 6 4 3 8 1 0 9 2 	3 2 2 3 	3.72189192996 3.04090034263 
5 7 6 4 3 8 1 0 9 2 	3 2 2 3 	3.74331664482 3.01947562777 
5 7 6 4 3 8 1 0 9 2 	3 2 2 3 	3.75865622339 3.0041360492 
5 7 6 4 3 9 1 0 8 2 	3 2 2 3 	3.65618457967 3.10660769291 
5 7 6 4 3 8 1 0 9 2 	3 2 2 3 	3.74596506189 3.0168272107 
5 7 6 4 3 8 1 0 9 2 	3 2 2 3 	3.71749982267 3.04529244992 
5 7 6 4 3 9 1 0 8 2 	3 2 2 3 	3.76188989107 3.00090238152 
5 7 6 4 3 9 1 0 8 2 	3 2 2 3 	3.76004162861 3.00275064397 
5 7 6 4 3 8 1 0 9 2 	3 2 2 3 	3.71372519363 3.04906707896 
5 7 6 4 3 9 1 0 8 2 	3 2 2 3 	3.66707806376 3.09571420882 
5 7 6 4 3 9 1 0 8 2 	3 2 2 3 	3.68643750999 3.0763547626 
5 7 6 4 3 9 1 0 8 2 	3 2 2 3 	3.65033214017 3.11246013241 
5 7 6 4 3 8 1 0 9 2 	3 2 2 3 	3.74278866279 3.0200036098 
5 7 6 4 3 8 1 0 9 2 	3 2 2 3 	3.7272909507 3.03550132189 
5 7 6 4 3 9 1 0 8 2 	3 2 2 3 	3.75487811479 3.0079141578 
5 7 6 4 3 9 1 0 8 2 	3 2 2 3 	3.73591165617 3.02688061642 
5 7 6 4 3 9 1 0 8 2 	3 2 2 3 	3.68384800392 3.07894426866 
5 7 6 4 3 8 1 0 9 2 	3 2 2 3 	3.74167203354 3.02112023905 
5 7 6 4 3 9 1 0 8 2 	3 2 2 3 	3.68983635025 3.07295592234 
5 7 6 4 3 8 1 0 9 2 	3 2 2 3 	3.72273403438 3.0400582382 
5 8 6 7 3 4 1 2 0 9 	3 2 2 3 	2.06071814759 4.02910571864 
5 8 6 7 3 4 1 2 0 9 	3 2 2 3 	2.4701381742 3.61968569203 
5 8 6 7 3 4 1 2 0 9 	3 2 2 3 	2.67303721441 3.41678665182 
5 7 6 4 3 8 1 0 9 2 	3 2 2 3 	3.71963317616 3.04315909642 
5 8 6 3 7 4 1 2 0 9 	3 2 2 3 	3.0464501561 3.04337371014 
5 7 6 4 3 8 1 0 9 2 	3 2 2 3 	3.73428944331 3.02850282928 
5 7 6 4 3 8 1 0 9 2 	3 2 2 3 	3.74353697471 3.01925529787 
5 7 6 4 3 8 1 0 9 2 	3 2 2 3 	3.71546653752 3.04732573506 
5 7 6 4 3 9 1 0 8 2 	3 2 2 3 	3.64454658184 3.11824569074 
5 7 6 4 3 8 1 0 9 2 	3 2 2 3 	3.73506255683 3.02772971576 
5 7 6 4 3 9 1 0 8 2 	3 2 2 3 	3.71899128678 3.04380098581 
5 7 6 4 3 8 1 0 9 2 	3 2 2 3 	3.74978444744 3.01300782514 
5 7 6 4 3 8 1 0 9 2 	3 2 2 3 	3.7338844359 3.02890783669 
5 7 6 4 3 8 1 0 9 2 	3 2 2 3 	3.71489922558 3.047893047 
5 7 6 4 3 8 1 0 9 2 	3 2 2 3 	3.71917043307 3.04362183952 
5 7 6 4 3 8 1 0 9 2 	3 2 2 3 	3.74888735068 3.0139049219 
5 7 6 4 3 8 1 0 9 2 	3 2 2 3 	3.73676044661 3.02603182598 
5 7 6 4 3 8 1 0 9 2 	3 2 2 3 	3.71717404699 3.0456182256 
5 7 6 4 3 9 1 0 8 2 	3 2 2 3 	3.75610857564 3.00668369695 
5 7 6 4 3 8 1 0 9 2 	3 2 2 3 	3.75610857564 3.00668369695 
