75
--------------------------------
609049.818718,617327.499672,723464.320171,614324.748961,497532.713615,497148.792629,497527.376304,497216.416688,602348.703908,544936.614218,731737.956046,569721.611985,598578.614498,541370.652825,497051.387303,497508.19086,497596.680116,497474.980656,497563.077138,497410.929785,497041.171618,497401.115103,497341.778854,497070.600188,497261.440273,497155.775234,497055.980742,497287.287633,497251.508099,497049.2726,497359.298906,497501.759451,497363.118531,618636.535575,519107.406599,546957.630922,564769.82906,564450.642646,552647.163476,569576.215884,541355.592266,497622.311427,498136.321139,498186.546755,498060.577924,495282.61154,495330.411824,497800.335956,497815.381302,498085.816555,498055.112342,534513.11285,569073.236224,567833.261378,568159.82873,536015.141982,495371.926161,535978.236579,538757.29899,566660.173051,542889.674143,537791.688731,491289.192639,564186.344719,536073.069169,498507.412032,496167.712146,568490.852167,537452.630875,546084.155179,533792.592721,492841.644437,569719.356281,538677.346005,535202.253875

2591.19515902,2580.67709959,2542.10341348,2583.7037063,2971.03724409,2972.41450168,2971.05639088,2972.17191075,2600.19600252,2722.40452901,2490.00360078,2644.02821754,2642.69539164,2736.11636029,2972.76392833,2971.12521571,2970.80777409,2971.24435222,2970.92831962,2971.47412488,2972.80057553,2971.50933355,2971.72219323,2972.69500506,2972.01039556,2972.38945266,2972.74745007,2971.91767212,2972.0460257,2972.7715145,2971.65934274,2971.1482874,2971.64564042,2544.0201315,2855.37859244,2709.60643629,2668.03741904,2674.77873975,2681.03573108,2649.31630729,2737.2865516,2923.8771821,2922.3627568,2922.21477722,2922.58591881,3093.37719163,3093.2363578,2923.35266895,2923.3083409,2922.51155831,2922.60202204,2821.7004905,2649.96379524,2654.55340059,2651.58086091,2811.87196079,3091.06455081,2812.8827224,2751.33193905,2659.41835454,2729.15406612,2773.01088455,3122.21367648,2677.68888543,2792.36410192,2897.32008849,3066.82009803,2650.95935521,2790.72694311,2719.93501305,2844.47845907,3118.61322016,2645.6477473,2770.40906489,2817.48631731
--------------------------------
1 11 7 10 8 4 5 2 0 6 9 3 	4 2 2 4 	8.10713033325 3.23439414283 
1 11 7 10 8 4 5 2 0 6 9 3 	4 2 2 4 	7.43032283467 3.14931874539 
1 5 4 10 8 11 7 2 0 6 9 3 	4 2 2 4 	7.43032283467 3.14931874539 
1 11 7 10 8 4 5 2 0 6 9 3 	4 2 2 4 	7.68031999191 3.1986693264 
10 11 7 3 9 1 4 6 0 5 2 8 	4 2 2 4 	2.90455286407 3.23343697959 
10 11 7 3 9 1 4 6 0 5 2 8 	4 2 2 4 	2.86281778564 3.27517205802 
10 11 7 3 9 1 4 6 0 5 2 8 	4 2 2 4 	2.90397265844 3.23401718522 
10 11 7 3 9 1 4 6 0 5 2 8 	4 2 2 4 	2.87016902591 3.26782081775 
1 11 7 10 8 6 4 3 0 9 5 2 	4 2 2 4 	2.86108160684 3.27690823682 
10 11 7 3 1 4 6 8 0 5 9 2 	4 2 2 4 	3.13526041557 3.00272942809 
1 4 5 2 8 11 7 10 0 6 9 3 	4 2 2 4 	3.13333622522 3.00465361844 
1 11 7 3 10 4 6 8 0 5 9 2 	4 2 2 4 	3.13620737141 3.00178247225 
10 11 7 1 3 4 6 8 0 9 5 2 	4 2 2 4 	3.09900843354 3.03898141012 
10 11 7 3 1 4 6 8 0 9 5 2 	4 2 2 4 	3.13230266541 3.00568717825 
10 11 7 3 9 1 4 6 0 5 2 8 	4 2 2 4 	2.85222909926 3.2857607444 
10 11 7 3 9 1 4 6 0 5 2 8 	4 2 2 4 	2.90188705746 3.2361027862 
10 11 7 3 9 1 4 6 0 5 2 8 	4 2 2 4 	2.91150650042 3.22648334323 
10 11 7 3 9 1 4 6 0 5 2 8 	4 2 2 4 	2.89827686022 3.23971298344 
10 11 7 3 9 1 4 6 0 5 2 8 	4 2 2 4 	2.90785360579 3.23013623787 
10 11 7 3 9 1 4 6 0 5 2 8 	4 2 2 4 	2.89131405219 3.24667579147 
10 11 7 3 9 1 4 6 0 5 2 8 	4 2 2 4 	2.851118578 3.28687126566 
10 11 7 3 9 1 4 6 0 5 2 8 	4 2 2 4 	2.89024712304 3.24774272062 
10 11 7 3 9 1 4 6 0 5 2 8 	4 2 2 4 	2.8837968296 3.25419301406 
10 11 7 3 9 1 4 6 0 5 2 8 	4 2 2 4 	2.85431768332 3.28367216034 
10 11 7 3 9 1 4 6 0 5 2 8 	4 2 2 4 	2.87506342582 3.26292641784 
10 11 7 3 9 1 4 6 0 5 2 8 	4 2 2 4 	2.86357684695 3.27441299671 
10 11 7 3 9 1 4 6 0 5 2 8 	4 2 2 4 	2.85272844041 3.28526140325 
10 11 7 3 9 1 4 6 0 5 2 8 	4 2 2 4 	2.87787322686 3.2601166168 
10 11 7 3 9 1 4 6 0 5 2 8 	4 2 2 4 	2.8739837243 3.26400611936 
10 11 7 3 9 1 4 6 0 5 2 8 	4 2 2 4 	2.85199921529 3.28599062837 
10 11 7 3 9 1 4 6 0 5 2 8 	4 2 2 4 	2.88570139005 3.25228845361 
10 11 7 3 9 1 4 6 0 5 2 8 	4 2 2 4 	2.90118791522 3.23680192844 
10 11 7 3 9 1 4 6 0 5 2 8 	4 2 2 4 	2.88611661184 3.25187323182 
10 7 11 1 3 4 6 8 2 5 9 0 	4 2 2 4 	3.11919776159 3.01879208207 
10 11 7 3 9 1 6 8 0 5 4 2 	4 2 2 4 	2.3871397832 3.11239242774 
10 11 7 3 1 4 6 8 0 9 5 2 	4 2 2 4 	2.36920722665 3.06491819424 
1 11 7 3 10 4 6 8 0 5 9 2 	4 2 2 4 	4.39916404951 3.02035368077 
1 11 7 3 10 4 6 8 0 5 9 2 	4 2 2 4 	4.54238464321 3.0711342868 
10 11 7 3 1 4 6 8 0 5 9 2 	4 2 2 4 	2.0325565875 3.01544246487 
1 11 7 3 10 4 6 8 0 5 9 2 	4 2 2 4 	3.2762945429 3.08495420597 
10 11 7 3 1 4 6 8 0 9 5 2 	4 2 2 4 	3.14574554238 3.02138627304 
10 11 7 3 5 1 9 0 2 4 8 6 	4 2 2 4 	3.52081277328 3.62378034166 
10 11 7 3 5 1 9 0 2 4 8 6 	4 2 2 4 	3.58965028667 3.55494282828 
10 11 7 3 5 1 9 0 2 4 8 6 	4 2 2 4 	3.59637663138 3.54821648356 
10 11 7 3 5 1 9 0 2 4 8 6 	4 2 2 4 	3.57950655895 3.565086556 
10 11 7 3 5 1 0 9 2 4 8 6 	4 2 2 4 	3.52081277328 3.62378034166 
10 11 7 3 5 1 0 9 2 4 8 6 	4 2 2 4 	3.52721431121 3.61737880374 
10 11 7 3 5 1 9 0 2 4 8 6 	4 2 2 4 	3.54465427987 3.59993883508 
10 11 7 3 5 1 9 0 2 4 8 6 	4 2 2 4 	3.54666919153 3.59792392342 
10 11 7 3 5 1 9 0 2 4 8 6 	4 2 2 4 	3.58288658181 3.56170653314 
10 11 7 3 5 1 9 0 2 4 8 6 	4 2 2 4 	3.57877459402 3.56581852092 
10 11 7 3 1 4 6 8 0 5 2 9 	4 2 2 4 	4.66196320897 3.07277237329 
1 11 7 3 10 4 6 8 0 5 9 2 	4 2 2 4 	3.37802215803 3.06553673948 
1 11 7 3 10 4 6 8 0 5 9 2 	4 2 2 4 	3.69375799192 3.06976933126 
1 11 7 3 10 4 6 8 0 5 9 2 	4 2 2 4 	3.57233272999 3.03795468099 
10 11 7 3 1 4 6 8 0 5 2 9 	4 2 2 4 	4.27097152103 3.10652061607 
10 11 7 3 9 1 6 4 0 5 2 8 	4 2 2 4 	2.84721413084 3.76978663761 
10 11 7 3 1 4 6 8 0 5 2 9 	4 2 2 4 	4.29960911468 3.11232364348 
10 11 7 3 1 4 6 8 0 9 5 2 	4 2 2 4 	3.51716010334 3.00201261319 
1 11 7 3 10 4 6 8 0 5 9 2 	4 2 2 4 	4.00312965361 3.08233050632 
10 11 7 3 1 4 6 8 0 9 5 2 	4 2 2 4 	2.92737051941 3.0253330681 
10 11 7 3 1 4 6 8 0 9 5 2 	4 2 2 4 	3.94769406679 3.04276007381 
10 11 7 3 9 1 6 4 0 5 2 8 	4 2 2 4 	2.76659303985 4.40584669891 
1 11 7 3 10 4 6 8 0 5 9 2 	4 2 2 4 	4.61831208156 3.07895840047 
10 11 7 3 1 4 6 8 0 9 5 2 	4 2 2 4 	4.40393877576 3.00723748153 
10 11 7 3 5 1 9 0 2 4 8 6 	4 2 2 4 	3.25548924005 3.20462794323 
10 11 7 3 5 1 0 9 2 4 8 6 	4 2 2 4 	3.25548924005 3.20462794323 
1 11 7 3 10 4 6 8 0 5 9 2 	4 2 2 4 	3.50114390741 3.04733312648 
10 11 7 3 1 4 6 8 0 5 2 9 	4 2 2 4 	3.60500321245 3.03713436486 
10 11 7 3 1 4 6 8 0 5 9 2 	4 2 2 4 	3.00935830201 3.05784286523 
10 11 7 3 1 4 6 8 0 5 2 9 	4 2 2 4 	5.13240622779 3.15516896931 
10 11 7 3 9 1 6 4 0 5 2 8 	4 2 2 4 	3.43217793236 4.08287431393 
1 11 7 3 10 4 6 8 0 5 9 2 	4 2 2 4 	3.17174146704 3.02983378267 
10 11 7 3 1 4 6 8 0 9 5 2 	4 2 2 4 	3.83141268913 3.10248015446 
10 11 7 3 1 4 6 8 0 5 2 9 	4 2 2 4 	4.49113212381 3.09123893957 
