--------------------------------
time is:3582.859375
----------------------------------------
optimal value:2808950.5808
----------------------------------------
room location
-2.40596822311e-010  0  -1.30884675008e-010  1.09999795846e-008  24.0500004282  0  16.2000002871  32.400000582  0  0  1.09999795939e-008  40.6000006189  2.43107659869e-008  2.40000009928  0  -9.63705028475e-008  2.56713582794e-009  48.0500006686  0  8.55000009922  
70.2000007639  38.2000005255  1.04370503509e-007  0  5.0000004137e-009  9.13426845273e-009  0  0  58.7000007639  48.0500006686  0  7.99998645107e-009  29.8500003664  0  0  1.04370503509e-007  4.87653046832e-008  0  15.9000000803  1.04370503509e-007  
0  0  59.9999999028  22.0999999036  0  39.4999999949  0  1.69380166578e-010  0  0  4.999999999  0  0  9.23891834385e-011  51.00000001  30.0999999036  13.799999914  0  2.71393222909e-010  1.44358093386e-010  
 以上――――――――――――――――――以下zijr
0  0  0  0  0  0  0  0  0  0  0  0  0  0  0  0  0  0  0  -3.84954915697e-011  
0  0  0  0  0  0  0  0  0  0  0  0  0  0  0  0  0  0  0  0  
0  0  0  0  0  0  0  -7.69909831394e-011  0  0  0  0  0  -7.69909831394e-011  0  0  0  0  0  -7.69909831394e-011  
0  0  0  0  0  0  0  0  0  0  0  0  0  0  0  0  0  0  0  0  
0  0  0  0  0  0  0  1  0  0  0  1  0  0  0  0  0  1  0  0  
0  0  0  0  -8.47457683539e-011  0  0  0  -1.66465462629e-009  0  0  0  0  0  0  0  0  0  0  0  
0  0  0  0  1  0  0  1.00000000015  -3.84954915697e-011  0  0  1  0  4.55891206489e-010  0  0  0  1  7.18088969212e-011  1.03043559182e-009  
0  0  0  0  0  0  0  0  -7.69909831394e-011  0  0  1  0  2.6509839292e-010  0  0  0  1  0  0  
0  0  0  0  0  0  0  0  0  0  0  0  0  0  0  0  0  0  0  0  
0  0  0  0  0  0  0  0  0  0  0  0  0  0  0  0  0  0  0  0  
0  0  0  0  0  0  4.06040512417e-011  0  0  0  0  0  0  0  0  4.39999183754e-009  0  0  0  0  
0  0  0  0  0  0  0  0  0  0  0  0  0  0  0  0  0  1  0  0  
0  0  0  0  0  0  0  -1.34459940226e-008  0  0  0  0  0  0  0  0  0  0  0  0  
0  0  0  0  1  0  1  1  0  0  0  1  1.1380183043e-010  0  4.49114042819e-011  -2.84673072748e-008  0  1  0  0.999999999923  
0  0  0  0  0  0  0  -7.69909831394e-011  0  0  0  0  0  -1.21902387421e-010  0  -1.02029703433e-009  0  8.92854059872e-011  0  -8.75300452999e-009  
0  0  0  0  0  0  0  2.73505264252e-008  2.97468739234e-009  0  0  0  3.24480937754e-009  0  0  0  0  0  0  0  
0  0  0  1.16033132336e-009  0  0  0  6.37066576893e-010  0  0  0  0  0  0  0  0  0  0  0  0  
0  0  0  0  0  0  0  0  0  0  0  0  0  0  0  0  0  0  0  0  
0  0  0  0  0  0  0  -3.84954915697e-011  0  0  0  0  0  0  0  0  0  0  0  0  
0  0  0  0  1  0  1  1  0  0  0  0.999999999867  0  0  0  0  0  1  -3.84954915697e-011  0  

0  0  0  0  0  0  0  0  0  0  0  0  0  0  0  0  0  0  0  0  
1.0000000012  0  0  1.90792813569e-010  0  0  0  0  1  1  -2.35229324077e-009  0  -1.90792813569e-010  0  0  0  0  0  0  0  
0  0  0  0  0  0  0  0  0  0  0  0  0  0  0  0  0  0  0  0  
0  0  0  0  0  0  0  0  0  0  0  0  0  0  0  0  0  0  0  0  
1.19539436617e-009  0  0  0  0  0  0  0  0  0  0  3.15455935079e-011  -1.90792813569e-010  0  0  0  0  -5.26592969771e-011  0  0  
0  0  0  0  0  0  0  0  0  0  0  -1.19272551612e-011  0  0  -8.8149806856e-010  0  0  -9.62008230645e-011  0  0  
0  0  0  0  0  0  0  0  0  0  0  0  0  0  0  0  0  0  0  0  
0  0  0  0  0  0  0  0  0  0  0  0  0  0  0  0  5.12779212858e-010  0  0  0  
1  0  0  0  0  0  0  0  0  0  0  0  0  0  0  0  0  0  0  0  
1  0  0  0  0  0  0  0  1  0  0  0  0  0  0  0  0  0  0  0  
0  0  0  0  0  0  0  0  0  0  0  -2.35229324077e-009  0  0  0  0  -2.35229324077e-009  0  0  0  
0  0  0  0  0  0  0  0  0  0  0  0  0  0  0  0  0  0  0  0  
1  1  0  0  0  0  0  0  1  1  0  0  0  0  0  0  0  0  0  0  
0  0  0  0  0  0  0  0  0  0  0  0  0  0  0  0  0  0  0  0  
0  0  0  0  0  0  0  0  0  0  0  0  0  0  0  0  0  0  0  0  
0  0  0  0  0  0  0  0  0  0  0  0  0  0  0  0  0  0  0  0  
0  0  0  0  0  0  0  0  0  0  0  0  0  0  0  0  0  0  0  0  
0  1.1568988746e-009  0  1.90792813569e-010  1.20955817158e-009  0  0  0  0  1.1568988746e-009  0  1.15039088091e-009  0  0  0  0  0  0  0  0  
1  1  0  0  0  0  0  0  1  1  0  0  1  0  0  0  0  0  0  0  
0  0  0  0  0  0  0  0  0  0  0  0  0  0  0  0  0  0  0  0  

0  0  -1.11840338303e-009  0  0  0  0  0  0  0  0  0  0  0  0  0  0  0  0  0  
0  0  0  0  0  0  0  0  0  0  0  0  0  0  0  0  0  0  0  0  
0  0  0  -1.52297322e-010  0  0  0  0  0  0  1.90792813569e-010  0  0  0  0  0  0  0  0  0  
0  0  0.999999999554  0  0  1  0  0  0  0  0  0  0  0  1  0.999999997124  0  2.71871236757e-009  0  0  
0  0  0  0  0  0  0  0  0  0  0  0  0  0  0  0  0  0  0  0  
-1.1568988746e-009  0  1  0  0  0  0  0  0  0  0  0  0  0  0.999999999119  0  0  0  0  0  
7.11619387474e-009  0  0  0  0  0  0  0  0  0  0  0  0  0  0  0  0  0  0  0  
0  0  0  0  0  0  3.84954915697e-011  0  0  0  -2.1615004272e-009  0  7.3411922316e-010  0  7.69909831394e-011  -2.1615004272e-009  3.84954915697e-011  0  0  0  
3.40927253875e-011  0  0  -6.37066576893e-010  0  0  0  0  0  0  5.87056246438e-011  0  0  0  2.08237238817e-009  -2.1615004272e-009  0  -1.1568988746e-009  0  0  
0  0  0  0  0  0  0  0  0  0  0  0  0  0  0  0  0  0  0  0  
0  0  1  0.999999999477  0  1  0  0  -2.02101330741e-011  0  0  0  0  0  1.00000000019  1  0.99999999801  0  0  0  
0  0  0  0  0  0  0  0  0  0  0  0  0  0  0  0  0  0  0  0  
0  0  -4.40880548311e-009  0  0  0  0  0  0  0  1.90792813569e-010  0  0  0  0  0  -8.27859390462e-010  0  0  0  
0  0  0  -6.37066576893e-010  0  0  0  0  0  0  1.90792813569e-010  1.75945034785e-009  0  0  0  -2.1615004272e-009  0  0  0  0  
-1.1568988746e-009  0  1.00000000008  0  0  0  0  0  0  0  0  0  0  0  0  1.09587200322e-008  0  0  0  0  
-1.1568988746e-009  0  0.999999997838  0  0  1  0  0  0  0  0  0  3.84954915697e-011  0  1  0  0  -1.1568988746e-009  0  0  
-1.83246094306e-009  0  0.999999999363  1  0  0.999999999324  0  0  0  0  0  0  1.90792813569e-010  0  0.999999999363  0.999999997124  0  0  0  0  
0  0  0  0  0  0  0  0  0  0  0  -1.1568988746e-009  -1.1568988746e-009  0  0  0  0  0  0  0  
0  0  0  1.61939120323e-009  0  0  0  0  0  0  8.36678760791e-010  0  0  0  0  0  0  0  0  0  
0  0  7.69909831394e-011  -6.37066576893e-010  0  0  3.40265649556e-011  0  0  0  0  0  0  0  7.69909831394e-011  -2.1615004272e-009  -6.37066576893e-010  0  0  0  

----------------------------------------以下qin
0  0  0  1.19539436617e-009  
0  0  1  0  
0  0  0  0  
0  0  0  0  
0  0  1.11708347445e-009  0  
0  0  0  -1.00460160328e-009  
0  0  0  0  
0  0  0  0  
0  0  0  0  
-1.11708347445e-009  0  -1.03435367114e-009  1  
0  0  0  0  
0  0  -8.27298033077e-011  0  
0  1  0  -1.90792813569e-010  
0  0  0  0  
0  0  0  0  
0  0  0  0  
0  0  0  0  
1.11708347445e-009  0  0  0  
1  0  0  0  
0  0  0  0  
----------------------------------------以下xir
-3.84954915697e-011  0  -3.84954915697e-011  4.84769254893e-010  1  0  1.00000000015  0.999999999962  -3.84954915697e-011  0  2.19999591877e-009  1  1.52297322e-010  0.999999999962  -3.84954915697e-011  2.19999591877e-009  6.75562068462e-010  1  -3.84954915697e-011  0.999999999962  
1.0000000012  1  0  1.90792813569e-010  0  0  0  0  1  1  -2.35229324077e-009  0  0.999999999809  0  0  0  0  1.1568988746e-009  1  0  
-1.1568988746e-009  0  1.00000000004  0.999999999324  0  1  -1.52297322e-010  3.84954915697e-011  3.84954915697e-011  0  1.00000000015  0  3.84954915697e-011  3.84954915697e-011  1.00000000004  0.9999999978  0.999999999324  -1.1568988746e-009  3.84954915697e-011  3.84954915697e-011  
best answer2808950.5808
flow answer:4572989.37882
adj answer:15463.9502701
