--------------------------------
time is:3581.4375
----------------------------------------
optimal value:10372001.3428
----------------------------------------
room location
0  0  -2.08123456247e-010  96.1000003805  0  0  0  35.4499995708  5.59999990447  -3.93747079386e-011  0  0  51.5999999036  42.1499996175  17.3999996175  0  1.12499165539e-009  0  0  28.2499995232  87.2500004768  0  0  0  0  78.0000004768  -3.98813827031e-010  0  63.9500002851  3.12499537358e-009  
85.3000001964  36.5500011542  9.85000087048  6.25014706657e-010  61.3000006762  0  -2.2499904162e-009  0  1.12499165539e-009  0  0  -2.2499904162e-009  0  -8.99999008652e-009  -1.12499165539e-009  25.1500010588  70.7500004855  0  0  -2.27114043128e-008  -3.37499983516e-009  1.75000280933e-009  0  100.000000006  6.25011153943e-010  0  0  16.2000010081  -2.2499904162e-009  51.7500009623  
0  0  0  0  0  63.199999812  28.0499997139  5.75002800929e-009  0  38.6999998149  16.5499997165  70.6499996225  6.75003519746e-009  2.27500080996e-008  2.78750000859e-008  0  0  78.4999995222  6.09999990726  6.33639972604e-009  0  45.8499999036  88.2499995168  0  53.75  2.27500080996e-008  98.9499998103  0  6.00002536544e-009  0  
 以上――――――――――――――――――以下zijr
0  0  0  0  0  0  0  0  0  3.30140298634e-011  0  0  -1.94097926228e-010  0  0  0  1.06708964965e-010  0  0  0  0  0  0  0  0  0  0  0  0  1.94097926228e-010  
0  0  0  0  0  0  0  0  0  -1.12499165539e-011  0  0  0  0  0  0  0  0  0  0  0  -1.12499165539e-011  0  0  0  0  -4.43126474479e-011  0  0  0  
0  -1.12499165539e-011  0  0  0  0  0  0  -1.12499165539e-011  -1.12499165539e-011  0  0  0  0  0  0  0  0  0  0  0  -1.12499165539e-011  0  0  0  0  0  0  0  0  
0  0  0  0  0  0  0  0  0  0  0  0  0  0  0  0  0  0  0  0  0  0  0  -7.41790405729e-011  0  0  0  0  0  0  
0  0  0  0  0  0  0  0  0  0  0  0  0  -2.12765227789e-010  0  0  0  0  0  0  0  0  0  0  0  0  0  0  0  0  
0  0  0  0  0  0  0  0  0  0  0  0  0  0  0  0  0  0  0  0  0  0  0  0  0  0  0  0  0  0  
0  0  0  0  0  0  0  0  0  0  0  0  0  0  0  0  0  0  0  0  0  0  0  0  0  0  0  0  0  0  
0  0  0  1  0  0  0  0  0  0  0  0  1  1  0  0  0  0  0  0  1  0  0  0  0  1  0  0  1  0  
0  -1.12499165539e-011  0  1  0  0  0  1  0  -1.12499165539e-011  0  0  1  1  1  0  0  0  0  1  1  -1.12499165539e-011  0  0  0  1  0  0  1  0  
0  0  0  0  0  0  0  0  0  0  0  0  0  0  0  0  0  0  0  0  0  -1.01317493839e-011  0  0  0  0  0  0  0  0  
0  0  0  0  0  0  0  0  0  0  0  0  0  0  0  0  0  0  0  0  0  0  0  0  0  0  0  0  0  0  
0  0  0  0  0  0  0  0  0  0  0  0  0  0  0  0  0  0  0  0  0  0  0  0  0  0  0  0  0  0  
0  0  0  1  0  0  0  0  0  0  0  0  0  0  0  0  0  0  0  0  1  0  0  0  0  1  0  0  1  0  
0  0  0  1  0  0  0  0  0  0  0  0  1  0  0  0  0  0  0  0  1  0  0  0  0  1  0  0  1  0  
0  0  0  1  0  0  0  1  0  0  0  0  1  1  0  0  0  0  0  1  1  0  0  0  0  1  0  0  1  0  
0  0  0  -7.24640305531e-011  0  0  0  0  0  0  0  0  0  0  0  0  0  0  0  0  0  0  0  0  0  0  0  0  0  0  
0  -1.12499165539e-011  -1.12499165539e-011  0  0  0  0  0  0  -1.12499165539e-011  0  0  1.33243839588e-010  0  0  0  0  0  0  0  0  -1.12499165539e-011  0  0  0  0  0  0  0  0  
0  0  0  0  0  0  0  0  0  0  0  0  0  0  0  0  0  0  0  0  0  0  0  0  0  0  0  0  0  0  
0  0  0  0  0  0  0  0  0  0  0  0  0  0  0  0  0  0  0  0  0  0  0  0  0  0  0  0  0  0  
0  0  0  1  0  0  0  1  0  0  0  0  1  1  0  0  0  0  0  0  1  0  0  0  0  1  0  0  1  0  
0  0  0  1  0  0  0  0  0  0  0  0  0  0  0  0  0  0  0  0  0  0  0  0  0  0  0  0  0  0  
0  0  0  0  0  0  0  0  0  -1.11816717e-012  0  0  0  0  -1.36986309125e-010  0  0  0  0  0  0  0  0  0  0  0  0  0  0  0  
0  0  0  0  0  0  0  0  0  0  0  0  0  0  0  0  0  0  0  0  0  0  0  0  0  0  0  0  0  2.80646194545e-011  
0  0  0  0  0  0  0  0  0  0  0  0  0  0  0  0  0  0  0  0  0  0  0  0  0  0  0  0  0  0  
0  0  0  0  0  0  0  0  0  0  0  0  0  0  0  0  0  0  0  0  0  0  0  0  0  0  0  0  0  0  
0  0  0  1  0  0  0  0  0  0  0  0  0  0  0  0  0  0  0  0  1  0  0  0  0  0  0  0  0  0  
0  3.3062730894e-011  0  0  0  0  0  0  0  0  0  0  0  0  0  0  0  0  0  0  0  0  0  0  0  0  0  0  0  0  
0  0  0  0  0  0  0  0  0  0  0  0  0  0  0  0  0  0  0  0  0  0  0  0  0  0  0  0  0  0  
0  0  0  1  0  0  0  0  0  0  0  0  0  0  0  0  0  0  0  0  1  0  0  6.94442053137e-011  0  1  0  0  0  0  
0  0  0  0  0  0  0  0  0  0  0  0  0  0  0  0  -1.74978453473e-011  0  0  0  0  4.13701992903e-011  0  0  0  0  0  0  -6.94442053137e-011  0  

0  1.12499165539e-011  0  0  0  0  0  0  1.12499165539e-011  0  0  0  0  0  0  0  3.00004110443e-011  0  0  0  0  1.12499165539e-011  0  1  0  0  0  0  -2.87499446472e-011  0  
1  0  0  0  1  0  1.12499165539e-011  0  2.24998331078e-011  0  0  0  0  0  0  1.12499165539e-011  1.00000000004  0  0  0  0  2.24998331078e-011  0  1  0  0  1.12499165539e-011  1.12499165539e-011  0  1  
0.999999999983  1  0  0  1  0  -1.75000280933e-011  0  -6.25011153943e-012  0  0  0  0  0  0  0.999999999983  1.00000000001  0  0  0  0  -6.25011153943e-012  0  1  0  0  0  1  0  1  
0  0  0  0  0  0  0  0  0  0  0  0  0  0  0  0  0  0  0  0  0  0  0  0  0  0  0  0  0  0  
1  0  0  0  0  0  0  0  0  0  0  0  0  0  0  0  1  0  0  0  0  0  0  1  0  0  0  0  0  0  
0  0  0  0  0  0  0  0  0  0  0  0  0  0  0  0  0  0  0  0  0  0  0  0  0  0  0  0  0  0  
0  0  0  0  0  0  0  0  0  0  0  0  0  0  0  0  3.00004110443e-011  0  0  0  0  0  0  0  0  0  0  0  0  0  
0  0  0  0  0  0  0  0  0  0  0  0  0  0  0  0  0  0  0  0  0  0  0  0  0  0  0  0  0  0  
0  0  0  0  0  0  0  0  0  0  0  0  0  0  0  0  4.12503275982e-011  0  0  0  0  0  0  0  0  0  0  0  0  0  
0  0  0  0  0  0  0  0  0  0  0  0  0  0  0  1.12499165539e-011  0  0  0  0  0  0  0  0  0  0  0  1.12499165539e-011  0  0  
0  0  0  0  0  0  0  0  0  0  0  0  0  0  0  0  0  0  0  0  0  0  0  0  0  0  0  0  0  0  
0  0  0  0  0  0  0  0  0  0  0  0  0  0  0  0  0  0  0  0  0  0  0  0  0  0  0  0  0  0  
0  0  0  0  0  0  0  0  0  0  0  0  0  0  0  0  3.00004110443e-011  0  0  0  0  0  0  0  0  0  0  0  0  0  
0  0  0  0  0  0  0  0  0  0  0  0  0  0  0  0  0  0  0  0  0  0  0  0  0  0  0  0  0  0  
-2.87499446472e-011  0  0  0  0  0  0  0  0  0  0  0  0  0  0  -2.87499446472e-011  1.2504663971e-012  0  0  0  0  0  0  0  0  0  0  -2.87499446472e-011  0  0  
1  1  0  0  1  0  0  0  1.12499165539e-011  0  0  0  0  0  0  0  1.00000000003  0  0  0  0  0  0  1  0  0  0  0  -2.87499446472e-011  1  
1  0  0  0  0  0  0  0  0  0  0  0  0  0  0  0  0  0  0  0  0  0  0  1  0  0  0  0  1.2504663971e-012  0  
0  0  0  0  0  0  0  0  0  0  0  0  0  0  0  0  0  0  0  0  0  0  0  0  0  0  0  0  0  0  
0  0  0  0  0  0  0  0  0  0  0  0  0  0  0  0  0  0  0  0  0  0  0  0  0  0  0  0  0  0  
0  0  0  0  0  0  0  0  0  0  0  0  0  0  0  0  0  0  0  0  0  0  0  0  0  0  0  0  0  0  
0  0  0  0  0  0  0  0  0  0  0  0  0  0  0  0  0  0  0  0  0  0  0  0  0  0  0  0  0  0  
0  0  0  0  0  0  0  0  0  0  0  0  0  0  0  1.12499165539e-011  4.12503275982e-011  0  0  0  0  0  0  0  0  0  0  0  0  0  
0  0  0  0  0  0  0  0  0  0  0  0  0  0  0  0  0  0  0  0  0  0  0  0  0  0  0  0  0  0  
0  0  0  0  0  0  0  0  0  0  0  0  0  0  0  0  0  0  0  0  0  0  0  0  0  0  0  0  0  0  
0  0  0  0  0  0  0  0  0  0  0  0  0  0  0  0  0  0  0  0  0  0  0  0  0  0  0  0  0  0  
0  0  0  0  0  0  0  0  0  0  0  0  0  0  0  0  0  0  0  0  0  0  0  0  0  0  0  0  0  0  
0  0  0  0  0  0  0  0  0  0  0  0  0  0  0  0  3.00004110443e-011  0  0  0  0  0  0  0  0  0  0  0  0  0  
1  1  -1.75000280933e-011  0  1  0  0  0  1.12499165539e-011  0  0  0  0  0  0  1  1.00000000003  0  0  0  0  1.12499165539e-011  0  1  0  0  0  0  0  1  
0  0  0  0  0  0  0  0  0  0  0  0  0  0  0  0  0  0  0  0  0  0  0  0  0  0  0  -2.87499446472e-011  0  0  
1  0  0  0  1  0  0  0  0  0  0  0  0  0  0  0  1  0  0  0  0  0  0  1  0  0  0  0  0  0  

0  0  0  0  0  0  0  0  0  0  0  0  0  0  0  0  0  0  0  0  0  0  -2.87499446472e-011  0  0  0  0  0  0  0  
0  0  0  0  0  0  0  0  0  0  0  0  0  3.44611542409e-009  0  0  0  0  0  0  0  0  0  0  0  0  0  0  0  0  
0  0  0  0  0  2.87499446472e-011  0  0  0  2.87499446472e-011  2.87499446472e-011  0  0  -3.41146197276e-010  0  0  0  2.87499446472e-011  2.87499446472e-011  0  2.87499446472e-011  0  2.87499446472e-011  0  2.87499446472e-011  0  0  0  0  0  
0  0  0  0  0  0  0  0  0  0  0  0  0  0  1.69961370844e-009  0  0  0  0  0  0  0  -4.81694177384e-010  0  0  0  0  0  2.87499446472e-011  0  
0  0  2.87499446472e-011  0  0  0  0  0  0  0  0  0  0  0  0  0  0  0  0  0  0  0  0  0  0  0  0  0  2.87499446472e-011  2.87499446472e-011  
0  0  0  0  0  0  0  0  0  0  0  1  0  0  0  0  0  1  0  0  0  0  1  -1.20064107723e-010  0  0  1  0  0  0  
0  0  0  0  0  1  0  0  0  1  0  1  0  0  0  0  0  1  0  0  0  1  1  0  1  0  1  0  0  0  
0  0  0  0  0  0  0  0  0  0  0  0  0  0  0  0  0  0  0  0  -5.48666795029e-011  0  0  -6.45228517615e-010  0  0  0  0  0  -6.18407874113e-010  
0  0  0  0  0  0  0  0  0  0  0  0  0  0  0  0  0  0  0  0  0  0  0  0  0  0  0  0  0  0  
0  -2.3915426121e-010  0  0  0  1  0  0  0  0  0  1  0  0  2.87499446472e-011  0  0  1  0  0  0  1  1  0  1  0  1  0  2.87499446472e-011  0  
0  2.3915426121e-010  0  0  0  1  1  -4.7830852242e-010  0  1  0  1  0  0  0  0  0  1  -1.32447769611e-010  0  0  1  1  0  1  0  1  0  0  0  
0  0  2.87499446472e-011  0  0  0  0  0  0  0  0  0  0  0  0  0  0  0.999999999954  -2.56083785353e-010  0  0  0  1  0  0  0  1  0  2.87499446472e-011  0  
0  0  -6.15879121712e-011  0  0  0  0  0  0  0  0  0  0  -7.58445130469e-010  0  0  0  0  0  0  0  0  0  0  0  0  0  0  0  0  
0  0  3.69896141924e-010  0  0  0  0  0  0  0  0  0  7.58445130469e-010  0  0  0  0  0  0  0  0  0  0  0  0  0  0  0  0  0  
0  0  -2.26244394762e-010  0  0  2.87499446472e-011  0  0  0  0  2.87499446472e-011  2.87499446472e-011  0  -2.03896467927e-011  0  0  0  2.87499446472e-011  2.87499446472e-011  4.7830852242e-010  0  0  5.74998892944e-011  0  0  -1.98763032281e-011  0  0  0  -2.20458604103e-010  
0  0  0  0  0  0  0  0  0  0  0  0  0  0  0  0  0  0  0  0  0  0  0  0  0  0  0  0  0  0  
0  0  0  0  0  0  0  0  0  0  0  0  0  0  0  0  0  0  0  0  0  0  0  0  0  0  0  0  0  0  
0  0  0  0  0  0  0  0  0  0  0  4.63626914637e-011  0  0  0  0  0  0  0  0  0  0  0.999999999951  7.15406898434e-011  0  0  1.00000000009  0  0  0  
0  0  0  0  0  1  1  0  0  1  1.00000000013  1.00000000026  0  0  0  0  0  1  0  0  0  1  1  3.06399704808e-010  0.99999999998  0  1  0  2.87499446472e-011  0  
0  0  0  0  0  0  0  0  0  0  0  0  0  0  0  0  0  0  0  0  0  0  0  0  0  0  0  0  0  0  
0  0  0  0  0  0  0  5.48666795029e-011  0  0  0  0  0  0  0  0  0  0  0  0  0  0  0  0  0  0  0  0  0  6.94442053137e-011  
0  0  0  0  0  1  0  0  0  0  0  1  0  0  0  0  0  1  0  0  0  0  1  0  1  0  1  0  0  0  
0  0  0  4.81694177384e-010  0  0  0  0  0  0  0  0  0  0  0  0  0  4.89750078002e-011  0  0  0  0  0  0  0  0  1  0  2.87499446472e-011  0  
0  0  0  0  0  1.20064107723e-010  0  5.23681968286e-011  0  3.73595822272e-010  0  0  0  2.04219103053e-010  2.87499446472e-011  0  0  -7.15406898434e-011  2.86460615978e-010  0  2.24624312409e-012  0  0  0  0  1.58596374152e-009  0  0  2.87499446472e-011  0  
0  0  0  0  0  1  0  0  0  0  0  1  0  0  2.87499446472e-011  0  0  1  2.02681319961e-011  0  0  0  1  0  0  0  1  0  2.87499446472e-011  0  
0  0  0  0  0  0  0  0  0  0  0  0  0  0  0  0  0  0  0  0  0  0  0  0  0  0  0  0  2.6439052117e-010  0  
0  0  0  -3.05195545629e-010  0  0  0  0  0  0  0  0  0  0  0  0  0  -8.92860404004e-011  0  0  0  0  0  0  0  0  0  0  0  4.15262815962e-010  
0  0  0  0  0  0  0  0  0  0  0  0  0  0  0  0  0  0  0  0  0  0  0  0  0  0  0  0  0  0  
0  0  0  0  0  2.87499446472e-011  0  0  0  0  2.87499446472e-011  0  3.22652806803e-011  0  5.74998892944e-011  0  0  2.87499446472e-011  0  2.87499446472e-011  0  0  0  0  0  0  0  0  0  0  
0  -2.82334867508e-011  0  0  0  0  0  6.18407874113e-010  0  0  0  0  0  0  2.49208548751e-010  0  0  0  0  0  0  -6.94442053137e-011  0  0  0  0  0  0  0  0  

----------------------------------------以下qin
0  -3.00004110443e-011  1.75000280933e-011  -1.12497566818e-011  
0  0  -1.75000280933e-011  1  
0.999999999983  0  0  0  
0  0  0  0  
0  0  0  0  
0  0  0  0  
0  0  0  0  
0  0  0  0  
0  0  0  0  
1.12499165539e-011  0  0  0  
0  0  0  0  
0  0  0  0  
0  0  0  0  
0  0  0  0  
0  0  0  0  
0  0  1  1.12497566818e-011  
0  3.00004110443e-011  0  0  
0  0  0  0  
0  0  0  0  
0  0  0  0  
0  0  0  0  
0  0  0  0  
0  0  0  0  
0  0  0  0  
0  0  0  0  
0  0  0  0  
0  0  0  0  
2.37501396327e-011  1  0  0  
-1.75000280933e-011  0  0  0  
0  0  0  0  
----------------------------------------以下xir
0  -1.12499165539e-011  -1.12499165539e-011  1  0  0  0  1  0.999999999989  -1.12499165539e-011  0  0  1  1  1  0  -3.00004110443e-011  0  0  1  1  -1.12499165539e-011  0  0  0  1  0  0  1  0  
1  1.00000000001  0.999999999983  0  1  0  0  0  1.12499165539e-011  1.12499165539e-011  0  0  0  0  -2.87499446472e-011  1  1.00000000003  0  0  0  0  1.12499165539e-011  0  1  0  0  0  1  -2.87499446472e-011  1  
0  0  2.87499446472e-011  0  0  1  1  0  0  1  1  1  0  0  2.87499446472e-011  0  0  1  1  0  0  1  1  0  1  0  1  0  2.87499446472e-011  0  
best answer10372001.3428
flow answer:20521339.1802
adj answer:50352.5496664
