--------------------------------
time is:3586.859375
----------------------------------------
optimal value:2765320.96232
----------------------------------------
room location
-9.99992977313e-010  2.5  0  11.0500001909  3.6055451617e-010  3.6055451617e-010  0  1.61798839131e-009  49.1500008116  42.8000006666  34.2000005245  0  57.6000008593  23.7500004773  2.30649704466e-009  -4.58725485362e-010  0  0  0  1.96051518597e-009  
0  0  0  -1.12406262076e-009  21.8499999076  41.6999998108  26.750000003  0  -4.99998975556e-009  0  0  0  -8.03591859722e-009  0  0  11.6999998123  0  0  49.7999995978  33.4500000509  
7.25  0  17.0999999046  0  0  0  0  55.849999902  0  -2.99999669551e-009  0  26.0499997199  0  -4.44596182092e-009  69.9000000901  3.44149285856e-009  41.6999998093  33.5999996692  0  0  
 以上――――――――――――――――――以下zijr
0  0  0  0  2.04131537284e-010  0  0  0  0  0  0  0  0  0  0  0  0  0  0  0  
0  0  0  1  0  0  0  0  1  1  1  0  1  1  0  0  0  0  0  0  
-4.58699351353e-010  0  0  0  -1.3875476311e-009  0  0  1.80277258085e-011  -4.58699351353e-010  0  -4.58699351353e-010  0  0  0  -4.58699351353e-010  0  2.87480800363e-010  0  -2.05074810197e-011  -4.58699351353e-010  
-1.80963528151e-010  0  0  0  0  0  0  1.80277258085e-011  1.00000000002  1  1.00000000002  0  1.00000000002  1.00000000002  0  0  0  0  -2.05074810197e-011  -1.80277258085e-011  
-2.04131537284e-010  0  9.2884827975e-010  0  0  0  0  0  5.40831774254e-011  0  0  0  0  0  0  0  0  0  0  0  
1.80277258085e-011  0  -4.58699351353e-010  0  1.80277258085e-011  0  0  0  1.80277258085e-011  0  1.80277258085e-011  0  1.80277258085e-011  0  1.80277258085e-011  0  -5.44926310785e-010  0  -2.05074810197e-011  1.80277258085e-011  
0  0  0  0  0  0  0  0  0  0  0  0  0  0  0  0  0  0  0  0  
0  0  0  0  1.80277258085e-011  0  0  0  1.80277258085e-011  0  -2.8319974514e-010  0  0  1.80277258085e-011  0  0  0  0  1.80277258085e-011  0  
0  0  0  0  0  0  0  0  0  0  0  0  1  -2.05074810197e-011  0  0  0  0  0  0  
0  0  0  0  0  0  0  0  1  0  0  0  1  0  0  0  0  0  -3.6055451617e-011  0  
0  0  0  0  0  0  0  0  0.999999999979  1  0  0  1  0  0  0  0  0  -3.03352566319e-010  0  
0  0  0  0  0  0  0  0  0  0  0  0  0  0  0  0  0  0  0  0  
0  0  0  0  0  0  0  0  -2.05074810197e-011  0  0  0  0  0  0  -2.4797552112e-012  0  0  0  0  
0  0  0  0  0  1.80277258085e-011  0  0  1  1  1  0  1  0  3.6055451617e-011  -2.05074810197e-011  2.87480800363e-010  0  -2.05074810197e-011  1.80277258085e-011  
3.6055451617e-011  0  0  0  3.6055451617e-011  0  0  1.80277258085e-011  3.6055451617e-011  0  3.6055451617e-011  0  3.6055451617e-011  0  0  0  0  0  -2.05074810197e-011  0  
0  0  1.5071106997e-010  0  -2.05074810197e-011  0  0  0  -1.11401758377e-010  -6.75673322391e-011  4.70598512195e-011  0  0  0  -2.05074810197e-011  0  0  0  -2.05074810197e-011  5.90330161549e-012  
2.87480800363e-010  0  0  0  2.87480800363e-010  0  0  6.33583102196e-011  2.87480800363e-010  0  2.87480800363e-010  0  0  0  2.87480800363e-010  0  0  0  2.87480800363e-010  2.87480800363e-010  
0  0  0  0  0  0  0  0  0  0  0  0  0  0  0  0  0  0  0  0  
-2.05074810197e-011  0  0  0  -1.60397059629e-011  0  0  0  -2.05074810197e-011  0  2.82845085299e-010  0  0  0  0  0  0  0  0  0  
1.80277258085e-011  0  0  0  1.2108848068e-012  0  0  1.80277258085e-011  1.80277258085e-011  0  1.80277258085e-011  0  1.80277258085e-011  0  1.99106771115e-011  0  0  0  -2.05074810197e-011  0  

0  0  0  0  0  0  0  0  0  0  0  0  0  0  0  0  0  0  0  0  
0  0  0  -2.05074810197e-011  0  -1.80277258085e-011  3.6055451617e-011  0  0  0  0  0  0  0  0  -1.5071106997e-010  0  0  0  0  
0  0  0  0  0  0  0  0  0  0  0  0  0  0  0  0  4.15511602753e-010  4.58699351353e-010  0  0  
0  0  0  0  0  0  1.55479705973e-011  0  0  0  0  0  0  0  0  0  0  0  0  0  
0  0  0  0  0  1  1  0  0  0  0  0  0  0  0  0  0  0  1  1  
0  0  4.40671625544e-010  0  0  0  1.80277258085e-011  -1.80277258085e-011  -5.40831774254e-011  0  0  0  0  0  0  0  0  0  1  1.80277258085e-011  
0  0  0  0  0  1  0  -1.80277258085e-011  -5.40831774254e-011  3.07015160603e-010  0  0  0  0  0  0  -2.51425348746e-010  0  1  1  
0  0  0  0  0  0  0  0  0  0  0  0  0  0  0  0  0  0  0  0  
0  0  0  0  0  0  0  0  0  0  0  0  0  0  0  0  0  0  0  0  
0  0  0  0  0  0  0  0  0  0  0  0  0  0  0  0  0  0  0  0  
0  0  0  0  0  0  0  0  0  0  0  0  0  0  0  0  0  0  0  0  
0  0  0  0  0  0  0  0  0  0  0  0  0  0  0  0  0  0  0  0  
0  0  0  0  0  0  0  0  0  0  0  0  0  0  0  0  0  0  0  0  
0  0  0  0  0  0  0  0  0  0  0  0  0  0  0  0  0  0  0  0  
0  0  0  0  0  0  0  0  0  0  0  0  0  0  0  0  0  0  0  0  
0  0  4.58699351353e-010  0  1  1  1  0  0  0  0  0  0  0  0  0  -4.38191870333e-010  0  1  1  
0  0  -2.44293051764e-010  0  0  0  0  0  -5.40831774254e-011  0  0  0  0  0  0  0  0  0  0  0  
0  0  0  0  0  0  0  0  -5.40831774254e-011  0  0  0  0  0  0  0  0  0  0  0  
0  0  0  0  0  0  0  0  0  0  0  0  0  0  0  0  0  0  0  0  
0  0  4.76727077161e-010  -2.05074810197e-011  0  1  0  0  0  0  0  0  0  0  0  0  0  0  1  0  

0  0  1  0  0  0  0  1  0  0  0  1  0  0  1  0  1  1  0  0  
0  0  0  0  0  0  0  0  0  0  0  0  0  0  0  0  0  0  0  0  
0  0  0  0  0  0  0  1  0  0  0  1  0  0  1  0  1  1  0  0  
0  0  0  0  0  0  0  0  0  0  0  0  0  0  0  0  0  0  0  0  
0  0  0  0  0  0  0  0  0  0  0  0  0  0  0  0  0  0  0  0  
0  0  0  0  0  0  0  0  0  0  0  -7.54473637815e-010  0  0  0  0  0  0  0  0  
0  0  0  0  0  0  0  -3.6055451617e-011  0  2.34904257369e-010  0  -3.6055451617e-011  0  0  -3.6055451617e-011  0  0  0  -3.6055451617e-011  0  
0  0  0  0  0  0  0  0  -7.97348393332e-012  0  0  0  0  0  0.999999999964  0  0  4.77679071626e-011  5.01158330273e-009  -2.28975510004e-009  
0  0  0  0  0  0  7.45906584451e-011  7.9107537246e-010  0  7.45906584451e-011  0  7.45906584451e-011  0  0  7.45906584451e-011  0  0  7.45906584451e-011  7.45906584451e-011  7.45906584451e-011  
0  0  0  0  0  0  -2.70959708986e-010  -3.6055451617e-011  0  0  0  0  0  0  0  0  0  -3.6055451617e-011  0  0  
0  0  0  0  0  0  0  0  0  0  0  0  0  0  0  0  0  0  0  0  
0  0  0  0  0  0  0  1  0  -3.6055451617e-011  0  0  0  0  1  1.71218550989e-010  1  1  -5.92087596597e-009  0  
0  0  0  0  0  0  0  0  0  0  0  0  0  0  0  0  0  0  0  0  
0  0  0  0  0  0  0  0  0  0  0  0  0  0  0  0  0  0  0  0  
0  0  0  0  0  0  0  0  0  0  0  -3.6055451617e-011  0  0  0  0  0  0  0  2.24206385457e-009  
0  0  0  0  0  0  1.71218550989e-010  1.71218550989e-010  0  -2.43942272381e-010  0  0  0  -3.00402821866e-010  1.71218550989e-010  0  0  1.71218550989e-010  1.71218550989e-010  1.71218550989e-010  
0  0  0  0  0  0  0  1  0  0  0  0  0  0  1  0  0  0  0  0  
0  0  0  0  0  0  -3.6055451617e-011  0.999999999952  0  0  0  0  0  0  0.999999999964  0  1  0  0  0  
0  0  0  0  0  0  0  -4.99107582171e-009  0  0  0  5.94138344699e-009  0  0  0  0  0  0  0  0  
0  0  0  0  0  0  0  2.25369964842e-009  0  0  0  -3.6055451617e-011  0  0  -2.27811930619e-009  0  0  -3.6055451617e-011  -3.6055451617e-011  0  

----------------------------------------以下qin
0  0  0  0  
0  0  3.6055451617e-011  0  
4.9475480297e-010  0  0  -3.6055451617e-011  
0  -2.05074810197e-011  0  0  
0  1  0  0  
0  0  0  0  
0  0  1  3.6055451617e-011  
-1.80277258085e-011  0  0  0  
0  0  -5.40831774254e-011  0  
0  0  0  0  
0  0  0  0  
0  0  0  0  
0  0  0  0  
0  0  0  0  
0  0  0  0  
1  0  0  0  
-3.6375029855e-010  2.05074810197e-011  0  0  
0  0  0  0  
-1.12976778611e-010  0  0  0  
0  0  1.80277258085e-011  1  
----------------------------------------以下xir
0  1  -4.58699351353e-010  1.00000000002  0  1.80277258085e-011  0  1.80277258085e-011  0.999999999979  1  1  0  1  1  3.6055451617e-011  -2.05074810197e-011  2.87480800363e-010  0  -2.05074810197e-011  1.80277258085e-011  
0  0  4.58699351353e-010  -2.05074810197e-011  1  0.999999999982  1.00000000004  -1.80277258085e-011  -5.40831774254e-011  3.6055451617e-011  0  0  0  0  0  0.999999999849  -2.87480800363e-010  0  1  1.00000000002  
1  0  1  0  0  0  -3.6055451617e-011  1  7.45906584451e-011  -3.6055451617e-011  0  1  0  0  0.999999999964  1.71218550989e-010  1  1  2.05074810197e-011  -3.6055451617e-011  
best answer2765320.96232
flow answer:5543309.22255
adj answer:15110.8000849
