--------------------------------
time is:4462.96875
----------------------------------------
optimal value:2324087.27982
----------------------------------------
room location
0  0  -2.99999669551e-009  4.5  1.67143952012e-008  0  39.3000006686  0  0  0  2.37143511791e-008  0  0  25.5000004768  0  0  0  0  16.0500001907  31.6500005722  
0  33.8500001588  0  0  0  23.5000000364  0  39.7000003018  0  0  0  0  51.0000004926  2.2714372605e-008  0  14.0999999243  6.79999997203  0  0  0  
78.3500004012  -2.17143723299e-008  58.2000002861  0  39.6500003338  -2.17143723299e-008  2.17143652245e-008  0  66.8500004012  15.4000000954  4.999999999  31.9000003535  0  0  49.2000002861  0  0  24.4500002861  0  0  
 以上――――――――――――――――――以下zijr
0  0  0  0  0  0  0  0  0  0  0  0  0  0  0  0  0  0  0  0  
0  0  0  0  0  0  0  0  0  0  0  0  0  0  0  0  0  0  0  0  
0  0  0  0  0  0  0  0  0  0  0  0  0  0  0  0  0  0  0  0  
0  0  0  0  0  0  1  0  0  0  0  0  0  1  0  0  0  0  1  1  
0  0  0  0  0  0  0  0  0  0  0  0  0  0  0  0  0  0  0  0  
0  0  0  0  0  0  0  0  0  0  0  0  0  0  0  0  0  0  0  0  
5.60090103738e-009  0  0  0  0  0  0  0  0  0  0  0  0  0  0  0  0  0  0  0  
0  0  0  0  0  0  0  0  0  0  2.69481257558e-009  0  0  0  0  0  0  0  0  0  
0  0  0  0  0  0  0  0  0  0  0  0  0  0  0  0  0  0  0  0  
0  0  0  0  0  0  0  0  0  0  0  0  0  0  0  0  0  0  0  0  
0  0  0  0  1.67143952012e-009  0  0  0  0  0  0  0  0  0  0  0  0  0  0  0  
0  0  0  0  0  0  0  0  0  0  0  0  0  0  0  0  0  0  0  0  
0  0  -2.17391061887e-010  0  0  0  0  0  0  0  0  0  0  0  0  0  0  0  0  0  
0  0  0  0  0  0  1  0  0  0  0  0  0  0  0  0  0  0  0  1  
0  0  0  0  0  0  8.92854059872e-011  0  0  0  0  0  0  0  0  0  0  0  0  0  
0  0  0  0  0  0  0  0  0  0  0  0  0  0  0  0  0  0  0  0  
-3.15429815601e-009  0  0  0  0  0  0  0  0  0  0  0  0  0  0  0  0  0  0  0  
0  0  0  0  0  0  0  0  0  0  0  0  0  0  0  0  0  0  0  0  
0  0  0  0  0  0  1  0  0  0  0  0  0  1  0  0  0  0  0  1  
0  0  0  0  0  0  1  0  0  0  0  0  0  0  0  0  0  0  0  0  

0  0  0  0  0  0  0  0  0  0  0  0  0  0  0  0  0  0  0  0  
0  0  0  0  0  0  0  1  0  0  0  0  1  0  0  0  0  0  0  0  
0  0  0  0  0  0  0  0  0  0  0  0  0  0  0  0  0  0  0  0  
0  0  0  0  0  0  0  0  0  0  0  0  0  0  0  0  0  0  0  0  
0  0  0  0  0  0  0  0  0  0  0  0  0  0  0  0  0  0  0  0  
0  1  0  0  0  0  0  1  0  0  0  0  1  0  0  0  0  0  0  0  
0  0  0  0  0  0  0  0  0  0  0  0  0  0  0  0  0  0  0  0  
0  0  0  0  0  0  0  0  0  0  0  0  1  0  0  0  0  0  0  0  
0  0  0  0  0  0  0  0  0  0  0  0  0  0  0  0  0  0  0  0  
0  0  0  0  0  0  0  0  0  0  0  0  0  2.42415921474e-010  0  0  0  0  0  0  
0  0  0  0  0  0  0  0  0  0  0  0  0  0  0  0  0  0  0  0  
0  0  0  0  0  0  0  0  0  0  0  0  0  0  0  0  0  0  0  0  
0  0  0  0  0  0  0  0  0  0  0  0  0  0  0  0  0  0  0  0  
0  0  0  0  0  0  0  0  0  0  0  0  0  0  0  0  0  0  0  0  
0  0  0  0  0  0  0  0  0  0  0  0  0  0  0  0  0  0  0  0  
0  1  0  0  0  1  0  1  0  0  0  0  1  0  0  0  0  0  0  0  
0  1  0  0  0  1  0  1  0  0  0  0  1  0  0  1  0  0  0  0  
0  0  0  0  0  0  0  0  0  0  0  0  0  0  0  0  0  0  0  0  
0  0  0  0  0  0  0  0  0  0  0  0  0  0  0  0  0  0  0  0  
0  0  0  0  0  0  0  0  0  0  0  0  0  0  0  0  0  0  0  0  

0  0  0  0  0  0  0  0  0  0  0  0  0  0  0  0  0  0  0  0  
0  0  0  0  0  0  2.78389382038e-009  0  0  0  0  0  0  0  0  0  0  0  0  0  
1  0  0  0  0  0  0  0  1  0  0  0  0  0  0  0  0  0  0  0  
0  0  0  0  0  0  0  0  0  0  0  0  0  0  0  0  0  0  0  0  
1  0  1  0  0  0  0  0  1  0  0  0  0  0  1  0  0  0  0  0  
0  0  0  0  0  0  1.15602310673e-009  0  0  0  0  1.67070947846e-009  0  0  0  0  0  0  0  0  
0  -2.78389382038e-009  0  0  0  -1.15602310673e-009  0  0  0  0  0  0  0  0  0  0  0  0  0  0  
0  0  0  0  0  0  0  0  0  0  0  0  0  0  0  0  0  0  0  0  
1  0  0  0  0  0  0  0  0  0  0  0  0  0  0  0  0  0  0  0  
1  0  1  0  1  0  0  0  1.00000000183  0  0  1  0  0  1  0  0  1  0  0  
1  0  1  0  1  0  0  0  1  1  0  1  0  0  1  0  0  1  0  0  
1  0  1  0  1  -1.67070947846e-009  0  0  1  0  0  0  0  0  1  0  0  0  0  0  
0  0  0  0  0  0  0  0  0  0  0  0  0  0  0  0  0  0  0  0  
0  0  0  0  0  0  0  0  0  0  0  0  0  0  0  0  0  0  0  0  
1  0  1  0  0  0  0  0  1  0  0  0  0  0  0  0  0  0  0  0  
0  0  0  0  0  0  0  0  0  0  0  0  0  0  0  0  0  0  0  0  
0  0  0  0  0  0  0  0  0  0  0  0  0  0  0  0  0  0  0  0  
1  0  1  0  1  0  0  0  1  0  -1.36986309125e-010  1  0  0  1  0  0  0  0  0  
0  0  0  0  0  0  0  0  0  0  0  0  0  0  0  0  0  0  0  0  
0  0  0  0  0  0  0  0  0  0  0  0  0  0  0  0  0  0  0  0  

----------------------------------------以下qin
0  0  0  0  
0  0  0  1  
0  0  0  0  
0  0  0  0  
0  0  0  0  
0  0  1  0  
0  0  0  0  
0  0  0  0  
0  0  0  0  
0  0  0  0  
0  0  0  0  
0  0  0  0  
0  0  0  0  
0  0  0  0  
0  0  0  0  
0  1  0  0  
1  0  0  0  
0  0  0  0  
0  0  0  0  
0  0  0  0  
----------------------------------------以下xir
-3.15429815601e-009  0  0  1  0  0  1  0  0  0  0  0  0  1  0  0  0  0  1  1  
0  1  0  0  0  1  0  1  0  0  0  0  1  0  0  1  1  0  0  0  
1.00000000315  0  1  0  1  0  0  0  1  1  1  1  0  0  1  0  0  1  0  0  
best answer2324087.27982
flow answer:4631115.18345
adj answer:17059.3499363
