--------------------------------
time is:4342.65625
----------------------------------------
optimal value:5404064.92763
----------------------------------------
room location
6.19999982482  0  8.22845436232e-009  0  44.2000000599  0  2.96606142947e-010  28.4999997626  36.7999999679  0  0  15.6999995698  0  8.7980751573e-009  56.9000003453  0  0  1.83150561384e-009  20.3499995648  0  
0  -3.32309818621e-011  42.1000003848  12.0000000103  3.41079130382e-010  0  22.6500001056  0  0  0  4.70000005795  1.40019232924e-009  0  2.75994304872e-009  0  -2.81542710809e-010  62.4500007685  34.2500002344  0  50.800000671  
0  14.8999996371  0  0  0  25.6999995709  0  1.45580045796e-008  0  5.34999992319  0  -2.96606142947e-010  20.5499994793  36.3999996195  0  30.8999996344  0  0  7.52312552383e-010  0  
 以上――――――――――――――――――以下zijr
0  4.61541426977e-012  0  0  1  0  0  1  1  0  0  1  1.09073674887e-011  6.7570982254e-012  1  -6.52762723855e-009  0  0  1  -4.01866351163e-012  
0  0  0  0  0  0  0  1.77936960505e-011  0  0  0  0  0  0  1.35772663036e-009  0  0  0  0  9.23082853955e-012  
0  0  0  0  0  0  0  0  0  0  0  0  0  0  0  0  0  0  0  0  
0  0  0  0  0  0  0  0  0  0  0  0  0  0  0  -4.62662536136e-011  0  0  -3.58653121717e-012  -3.58653121717e-012  
0  4.61541426977e-012  0  0  0  0  7.21406673638e-010  -3.58653121717e-012  1.31847466278e-009  -1.51381499346e-009  0  0  0  0  1  4.61541426977e-012  0  0  4.61541426977e-012  0  
0  0  0  0  0  0  0  0  0  0  0  0  0  0  0  0  0  0  0  0  
0  0  0  0  0  0  0  0  0  0  0  0  0  0  0  -3.30296361768e-012  0  0  0  0  
-3.58653121717e-012  -1.67648129979e-011  0  -3.58653121717e-012  1  0  0  0  1  0  0  0  0  0  1  0  0  0  0  0  
0  4.61541426977e-012  0  0  0.999999998682  0  0  -3.58653121717e-012  0  0  0  0  0  6.7570982254e-012  1  2.64655566019e-008  0  0  0  0  
0  0  0  0  1.51381499346e-009  0  0  0  0  0  0  0  4.2813960472e-012  0  0  0  0  1.99401802279e-011  1.66216462816e-009  0  
0  0  0  0  0  0  0  -3.58653121717e-012  0  0  0  0  0  2.64350333925e-009  0  0  0  4.79669949737e-010  0  0  
0  4.61541426977e-012  1.24673552746e-009  0  1  0  -1.24673552746e-009  0.999999999996  1  0  0  0  0  -3.70757678684e-011  1.00000000002  3.34076065686e-010  0  0  1  0  
0  0  0  -3.58653121717e-012  0  0  0  3.30345781235e-010  0  -4.7910862415e-011  0  0  0  -3.68723681424e-011  0  0  0  0  0  0  
0  0  0  0  0  0  0  0  0  0  0  0  0  0  0  0  0  0  0  0  
0  0  0  -3.58653121717e-012  0  0  0  0  0  0  0  0  0  0  0  0  0  0  0  0  
6.53224265282e-009  9.23082853955e-012  0  4.26797223964e-011  0  0  0  1.02888305261e-012  0  7.49660109746e-009  0  -3.24845237147e-010  0  0  0  0  0  0  0  0  
0  0  0  0  0  0  0  0  0  0  0  0  0  0  0  0  0  0  0  0  
-5.61964361672e-010  0  0  0  -3.58653121717e-012  0  0  0  0  0  0  -3.58653121717e-012  0  0  0  -2.37802235305e-011  0  0  0  0  
0  9.23082853955e-012  0  0  1  0  4.61541426977e-012  1  1  -1.66216462816e-009  0  0  -4.36294663678e-011  1.13725124952e-011  1  0  0  0  0  4.61541426977e-012  
0  0  0  0  0  0  0  0  0  0  0  0  0  0  0  0  0  0  0  0  

0  0  0  0  0  0  0  0  0  0  0  0  0  0  0  0  0  0  0  0  
0  0  -4.61541426977e-012  0  0  0  0  0  0  0  0  0  0  0  0  0  0  0  0  0  
0  0  0  0  0  0  0  0  0  0  0  0  0  0  0  0  1  0  -1.66788836062e-011  1  
0  0  1  0  0  0  1  0  0  0  0  0  0  0  0  0  1  1  0  1  
0  0  0  0  0  0  0  0  0  0  0  0  0  0  0  0  0  0  0  0  
0  0  -1.14295662214e-011  0  0  0  0  -1.01265212287e-011  0  0  0  0  0  0  -1.01265212287e-011  0  -1.14295662214e-011  0  0  -1.14295662214e-011  
0  0  1  0  0  0  0  0  0  0  0  0  0  0  0  0  1  1  0  1  
0  0  3.58653121717e-012  0  0  0  0  0  0  0  0  0  0  3.40591898722e-011  3.58653121717e-012  0  3.58653121717e-012  7.17306243434e-012  0  3.58653121717e-012  
0  0  0  0  0  0  0  0  0  0  0  0  0  0  0  0  0  0  0  0  
0  0  0  0  0  0  0  0  0  0  0  0  0  0  0  0  0  0  0  0  
0  0  1  1  0  0  1  3.58653121717e-012  0  0  0  0  0  0  0  0  1  1  0  1  
0  0  0  0  0  0  0  0  0  0  0  0  0  0  0  0  0  0  0  0  
0  0  0  0  0  0  0  0  0  0  0  0  0  0  0  0  0  0  0  0  
0  0  -6.7570982254e-012  0  0  -6.7570982254e-012  0  0  0  0  0  0  0  0  0  0  -6.7570982254e-012  -6.7570982254e-012  -1.66788836062e-011  -6.7570982254e-012  
0  0  9.23082853955e-012  0  0  0  0  0  0  0  0  0  0  3.90208622217e-011  0  0  1.84616570791e-011  0  0  1.84616570791e-011  
0  0  4.61541426977e-012  0  0  0  0  0  0  0  0  0  0  0  0  0  0  0  0  0  
0  4.61541426977e-012  9.23082853955e-012  0  0  0  0  0  0  0  0  0  0  0  0  4.61541426977e-012  0  3.58653121717e-012  -1.66788836062e-011  -1.2817877439e-011  
0  0  1  0  0  0  0  0  0  0  0  0  0  0  0  0  1  0  0  1  
0  0  0  0  0  0  0  0  0  0  0  0  0  0  0  0  0  0  0  0  
0  -4.61541426977e-012  9.23082853955e-012  0  0  0  0  0  0  0  0  0  0  0  0  4.61541426977e-012  1.00000000003  0  -1.66788836062e-011  0  

0  0  0  0  0  0  0  0  0  0  0  0  0  0  0  0  0  0  0  0  
0  0  0  0  0  1  0  0  0  0  0  0  0.999999999836  1  0  1  0  0  1.20634693364e-011  -9.23082853955e-012  
0  0  0  0  0  0  0  0  0  2.15790585401e-009  0  0  0  0  0  0  0  0  0  0  
0  0  0  0  0  0  0  0  0  0  0  0  0  0  0  0  0  0  0  0  
0  0  0  3.58653121717e-012  0  0  0  0  0  0  0  0  0  0  0  0  0  0  8.39166231538e-012  0  
0  1.14295662214e-011  0  0  0  0  0  0  0  0  0  0  4.36294663678e-011  1  -9.23082853955e-012  1.00000000001  0  0  1.20634693364e-011  -9.23082853955e-012  
0  0  0  3.58653121717e-012  0  0  0  0  0  0  0  0  0  0  0  0  0  0  0  0  
0  0  0  -1.0838708233e-011  0  0  0  0  0  0  0  0  3.7756177882e-010  0  -9.23082853955e-012  1.1719681582e-009  1.01654863579e-011  0  -1.5619989712e-010  -1.44937303553e-010  
0  0  0  0  0  0  0  0  0  0  0  0  0  0  0  0  0  0  0  0  
0  1  0  0  0  1  0  0  0  0  0  0  1  1  0  1  0  0  0  0  
0  0  0  0  0  0  0  0  0  0  0  0  0  0  0  0  0  0  0  0  
0  0  0  0  0  0  0  0  0  0  0  0  0  0  0  0  0  0  0  0  
0  2.08083250292e-010  0  0  0  1  0  0  0  0  0  0  0  1  0  1.00000000003  0  0  0  0  
0  0  0  0  0  0  0  0  0  0  0  -3.70757678684e-011  0  0  0  -9.23082853955e-012  0  0  1.20634693364e-011  -1.52342509018e-010  
0  -9.23082853955e-012  0  3.58653121717e-012  0  0  0  0  0  0  0  0  -9.23082853955e-012  -9.23082853955e-012  0  -9.23082853955e-012  0  0  0  0  
0  0  0  0  0  0  0  0  0  0  0  0  0  1  0  0  0  0  0  0  
0  0  0  0  0  0  0  8.86952865588e-010  0  0  0  0  -9.23082853955e-012  -9.23082853955e-012  2.72390496389e-011  0  0  0  -9.23082853955e-012  -8.07075141209e-012  
0  2.53926097991e-009  0  0  0  0  0  0  0  0  0  0  0  0  -9.23082853955e-012  0  0  0  1.20634693364e-011  6.04538104864e-010  
0  0  0  0  0  0  0  1.5619989712e-010  0  0  0  0  1.20634693364e-011  0  3.11888678059e-012  1.20634693364e-011  0  0  0  -2.95868291408e-010  
0  0  0  0  0  0  0  1.44937303553e-010  0  0  0  0  -9.23082853955e-012  1.43111680479e-010  -9.23082853955e-012  -9.23082853955e-012  -8.10535339636e-012  0  2.86637462868e-010  0  

----------------------------------------以下qin
0  0  0  0  
0  0  3.83818038533e-011  -1.17182012872e-011  
0  -1.17182012872e-011  0  1.17182012872e-011  
0  1  0  0  
0  0  0  0  
0  0  -1.14295662214e-011  0  
0  0  1  0  
0  3.58653121717e-012  0  0  
0  0  0  0  
0  0  0  0  
1  0  0  0  
0  0  0  0  
0  0  0  0  
0  0  0  0  
-1.2817877439e-011  0  0  0  
0  8.13167007007e-012  -2.69522376319e-011  0  
9.23082853955e-012  0  0  0  
3.58653121717e-012  0  0  1  
0  0  0  0  
0  0  0  0  
----------------------------------------以下xir
1  4.61541426977e-012  0  -3.58653121717e-012  1  0  0  0.999999999996  1  0  0  1  -4.36294663678e-011  6.7570982254e-012  1  4.61541426977e-012  0  -3.58653121717e-012  1  0  
0  -4.61541426977e-012  1  1  0  -1.14295662214e-011  1  3.58653121717e-012  0  0  1  0  0  -6.7570982254e-012  9.23082853955e-012  4.61541426977e-012  1.00000000001  1  -1.66788836062e-011  1.00000000001  
0  1  0  3.58653121717e-012  0  1.00000000001  0  0  0  1  0  0  1.00000000004  1  -9.23082853955e-012  0.999999999991  -9.23082853955e-012  0  1.20634693364e-011  -9.23082853955e-012  
best answer5404064.92763
flow answer:5349707.49575
adj answer:14260.5002471
